t	L_x
1 450	9,93583
1 460	9,93629
1 470	9,93844
1 480	9,94026
1 490	9,94051
1 500	9,93848
1 510	9,94026
1 520	9,93867
1 530	9,9358
1 540	9,93718
1 550	9,94337
1 560	9,94029
1 570	9,93858
1 580	9,93828
1 590	9,93862
1 600	9,93669
1 610	9,93911
1 620	9,93998
1 630	9,94134
1 640	9,94019
1 650	9,93602
1 660	9,93698
1 670	9,9404
1 680	9,93887
1 690	9,93879
1 700	9,94168
1 710	9,94017
1 720	9,93661
1 730	9,93638
1 740	9,93886
1 750	9,94061
1 760	9,9409
1 770	9,93813
1 780	9,93996
1 790	9,93924
1 800	9,93636
1 810	9,93753
1 820	9,9424
1 830	9,94179
1 840	9,93832
1 850	9,93718
1 860	9,93753
1 870	9,93967
1 880	9,93942
1 890	9,93879
1 900	9,94146
1 910	9,94062
1 920	9,93633
1 930	9,93737
1 940	9,94074
1 950	9,93908
1 960	9,93905
1 970	9,94147
1 980	9,93949
1 990	9,93704
2 000	9,93747
2 010	9,93901
2 020	9,94255
2 030	9,94025
2 040	9,93748
2 050	9,93881
2 060	9,94077
2 070	9,93604
2 080	9,93778
2 090	9,94254
2 100	9,94249
2 110	9,93781
2 120	9,93669
2 130	9,93874
2 140	9,94145
2 150	9,93925
2 160	9,93712
2 170	9,94128
2 180	9,94272
2 190	9,93625
2 200	9,93541
2 210	9,94149
2 220	9,94104
2 230	9,93978
2 240	9,93866
2 250	9,93967
2 260	9,93885
2 270	9,93912
2 280	9,93729
2 290	9,94218
2 300	9,94143
2 310	9,93752
2 320	9,93788
2 330	9,94148
2 340	9,93815
2 350	9,93761
2 360	9,94086
2 370	9,94293
2 380	9,93989
2 390	9,93659
2 400	9,93721
2 410	9,94205
2 420	9,94066
2 430	9,93624
2 440	9,94073
2 450	9,94298
2 460	9,93812
2 470	9,93565
2 480	9,94063
2 490	9,94183
2 500	9,94107
2 510	9,93793
2 520	9,93795
2 530	9,94128
2 540	9,94019
2 550	9,93608
2 560	9,93989
2 570	9,94395
2 580	9,94022
2 590	9,93723
2 600	9,93932
2 610	9,93925
2 620	9,93964
2 630	9,94023
2 640	9,93995
2 650	9,94096
2 660	9,9396
2 670	9,93645
2 680	9,93917
2 690	9,94151
2 700	9,9394
2 710	9,93967
2 720	9,9426
2 730	9,9386
2 740	9,93653
2 750	9,93865
2 760	9,94228
2 770	9,94192
2 780	9,93957
2 790	9,93628
2 800	9,94019
2 810	9,941
2 820	9,93724
2 830	9,93883
2 840	9,94398
2 850	9,94137
2 860	9,93714
2 870	9,93736
2 880	9,93958
2 890	9,94185
2 900	9,93981
2 910	9,9385
2 920	9,94109
2 930	9,94139
2 940	9,9357
2 950	9,93829
2 960	9,94211
2 970	9,94225
2 980	9,93931
2 990	9,94002
3 000	9,93839
3 010	9,93933
3 020	9,93786
3 030	9,93944
3 040	9,94294
3 050	9,94232
3 060	9,9362
3 070	9,93834
3 080	9,94128
3 090	9,94005
3 100	9,93945
3 110	9,94176
3 120	9,9413
3 130	9,9385
3 140	9,93659
3 150	9,93822
3 160	9,94349
3 170	9,94142
3 180	9,9384
3 190	9,94039
3 200	9,94165
3 210	9,93675
3 220	9,93717
3 230	9,94144
3 240	9,94324
3 250	9,94065
3 260	9,93709
3 270	9,93772
3 280	9,94202
3 290	9,9403
3 300	9,93797
3 310	9,94202
3 320	9,94298
3 330	9,93843
3 340	9,93698
3 350	9,93874
3 360	9,94066
3 370	9,9427
3 380	9,9407
3 390	9,93918
3 400	9,9402
3 410	9,93812
3 420	9,93815
3 430	9,94198
3 440	9,94245
3 450	9,93886
3 460	9,94046
3 470	9,9398
3 480	9,93885
3 490	9,93918
3 500	9,9407
3 510	9,94141
3 520	9,94296
3 530	9,938
3 540	9,93694
3 550	9,94112
3 560	9,9417
3 570	9,93825
3 580	9,94103
3 590	9,94259
3 600	9,93991
3 610	9,93827
3 620	9,93762
3 630	9,94081
3 640	9,94331
3 650	9,94086
3 660	9,93777
3 670	9,94131
3 680	9,9396
3 690	9,93833
3 700	9,94002
3 710	9,94256
3 720	9,94062
3 730	9,94099
3 740	9,93842
3 750	9,93936
3 760	9,94066
3 770	9,94026
3 780	9,94003
3 790	9,94294
3 800	9,93979
3 810	9,93758
3 820	9,94044
3 830	9,94086
3 840	9,93971
3 850	9,9413
3 860	9,94149
3 870	9,93969
3 880	9,93979
3 890	9,93741
3 900	9,93977
3 910	9,94353
3 920	9,94156
3 930	9,93766
3 940	9,94099
3 950	9,94078
3 960	9,93865
3 970	9,9399
3 980	9,94195
3 990	9,9417
4 000	9,9412
4 010	9,93779
4 020	9,93806
4 030	9,94227
4 040	9,94115
4 050	9,93961
4 060	9,94199
4 070	9,94143
4 080	9,93819
4 090	9,93902
4 100	9,94012
4 110	9,94105
4 120	9,9427
4 130	9,9406
4 140	9,93955
4 150	9,94013
4 160	9,93902
4 170	9,93925
4 180	9,94396
4 190	9,94188
4 200	9,93932
4 210	9,93962
4 220	9,94026
4 230	9,93875
4 240	9,94087
4 250	9,94122
4 260	9,9425
4 270	9,94168
4 280	9,93758
4 290	9,9372
4 300	9,94236
4 310	9,94237
4 320	9,94026
4 330	9,94189
4 340	9,94095
4 350	9,9395
4 360	9,9382
4 370	9,93951
4 380	9,94207
4 390	9,94461
4 400	9,93949
4 410	9,93857
4 420	9,94001
4 430	9,94043
4 440	9,93967
4 450	9,94321
4 460	9,94155
4 470	9,94069
4 480	9,93954
4 490	9,93894
4 500	9,93965
4 510	9,94215
4 520	9,94156
4 530	9,94226
4 540	9,94206
4 550	9,93763
4 560	9,93792
4 570	9,94179
4 580	9,94245
4 590	9,94094
4 600	9,94175
4 610	9,94021
4 620	9,9404
4 630	9,9391
4 640	9,93939
4 650	9,94284
4 660	9,94464
4 670	9,93943
4 680	9,93847
4 690	9,94054
4 700	9,94033
4 710	9,94052
4 720	9,94188
4 730	9,94207
4 740	9,94196
4 750	9,93983
4 760	9,93716
4 770	9,94113
4 780	9,94309
4 790	9,94078
4 800	9,94092
4 810	9,94228
4 820	9,93934
4 830	9,93907
4 840	9,9413
4 850	9,94145
4 860	9,94242
4 870	9,94174
4 880	9,93958
4 890	9,93985
4 900	9,94054
4 910	9,93899
4 920	9,94314
4 930	9,94375
4 940	9,94006
4 950	9,9384
4 960	9,94145
4 970	9,94008
4 980	9,94107
4 990	9,94115
5 000	9,9419
5 010	9,94263
5 020	9,9403
5 030	9,93703
5 040	9,94089
5 050	9,94395
5 060	9,94091
5 070	9,94109
5 080	9,94132
5 090	9,94027
5 100	9,93957
5 110	9,94088
5 120	9,94039
5 130	9,94388
5 140	9,94172
5 150	9,93904
5 160	9,93925
5 170	9,9417
5 180	9,93932
5 190	9,94276
5 200	9,94353
5 210	9,94117
5 220	9,93959
5 230	9,94003
5 240	9,93981
5 250	9,9421
5 260	9,94253
5 270	9,94075
5 280	9,94267
5 290	9,94066
5 300	9,93778
5 310	9,94016
5 320	9,94418
5 330	9,94136
5 340	9,94161
5 350	9,94087
5 360	9,94054
5 370	9,94008
5 380	9,94065
5 390	9,94027
5 400	9,94469
5 410	9,94302
5 420	9,93843
5 430	9,93923
5 440	9,94179
5 450	9,94043
5 460	9,94144
5 470	9,94342
5 480	9,94174
5 490	9,94114
5 500	9,93921
5 510	9,93893
5 520	9,94229
5 530	9,94356
5 540	9,94062
5 550	9,94195
5 560	9,94125
5 570	9,93874
5 580	9,94004
5 590	9,94313
5 600	9,94262
5 610	9,94225
5 620	9,94103
5 630	9,93962
5 640	9,94129
5 650	9,94018
5 660	9,94061
5 670	9,94394
5 680	9,94404
5 690	9,93911
5 700	9,94
5 710	9,94097
5 720	9,94094
5 730	9,942
5 740	9,94304
5 750	9,94219
5 760	9,94197
5 770	9,93915
5 780	9,93854
5 790	9,94363
5 800	9,94339
5 810	9,94105
5 820	9,94143
5 830	9,9421
5 840	9,93888
5 850	9,94067
5 860	9,94164
5 870	9,94386
5 880	9,94289
5 890	9,94115
5 900	9,93892
5 910	9,94177
5 920	9,94038
5 930	9,94132
5 940	9,94416
5 950	9,94342
5 960	9,93942
5 970	9,93976
5 980	9,9409
5 990	9,94173
6 000	9,94291
6 010	9,9415
6 020	9,94237
6 030	9,94227
6 040	9,93951
6 050	9,93836
6 060	9,94453
6 070	9,9435
6 080	9,94195
6 090	9,94097
6 100	9,94129
6 110	9,93973
6 120	9,94169
6 130	9,94107
6 140	9,94372
6 150	9,94403
6 160	9,94019
6 170	9,93881
6 180	9,94229
6 190	9,94138
6 200	9,94119
6 210	9,9441
6 220	9,94296
6 230	9,94044
6 240	9,93981
6 250	9,94037
6 260	9,94238
6 270	9,94423
6 280	9,94092
6 290	9,94172
6 300	9,94287
6 310	9,9398
6 320	9,93905
6 330	9,94383
6 340	9,94413
6 350	9,94201
6 360	9,94162
6 370	9,94022
6 380	9,94075
6 390	9,94172
6 400	9,9411
6 410	9,94332
6 420	9,94487
6 430	9,94014
6 440	9,93908
6 450	9,9423
6 460	9,94187
6 470	9,9414
6 480	9,94351
6 490	9,94274
6 500	9,94148
6 510	9,94092
6 520	9,93934
6 530	9,94273
6 540	9,94425
6 550	9,94185
6 560	9,94115
6 570	9,94379
6 580	9,93962
6 590	9,9394
6 600	9,94256
6 610	9,94438
6 620	9,94299
6 630	9,9425
6 640	9,93934
6 650	9,94131
6 660	9,94213
6 670	9,94074
6 680	9,94275
6 690	9,9459
6 700	9,94135
6 710	9,93853
6 720	9,94187
6 730	9,9424
6 740	9,94292
6 750	9,94278
6 760	9,94238
6 770	9,94185
6 780	9,94198
6 790	9,93835
6 800	9,94207
6 810	9,9448
6 820	9,94309
6 830	9,94104
6 840	9,94334
6 850	9,94044
6 860	9,9401
6 870	9,94188
6 880	9,94387
6 890	9,94413
6 900	9,94245
6 910	9,93898
6 920	9,94133
6 930	9,94337
6 940	9,94101
6 950	9,94243
6 960	9,94518
6 970	9,94236
6 980	9,93931
6 990	9,9404
7 000	9,94203
7 010	9,94447
7 020	9,9433
7 030	9,94098
7 040	9,94264
7 050	9,94265
7 060	9,93862
7 070	9,94091
7 080	9,94551
7 090	9,94381
7 100	9,94125
7 110	9,941
7 120	9,94099
7 130	9,94204
7 140	9,94197
7 150	9,9422
7 160	9,94522
7 170	9,9435
7 180	9,93865
7 190	9,94062
7 200	9,94371
7 210	9,94242
7 220	9,94218
7 230	9,94405
7 240	9,94232
7 250	9,94109
7 260	9,93905
7 270	9,94174
7 280	9,94525
7 290	9,94435
7 300	9,94001
7 310	9,94321
7 320	9,94258
7 330	9,93953
7 340	9,94062
7 350	9,94514
7 360	9,94467
7 370	9,94295
7 380	9,93944
7 390	9,94049
7 400	9,9438
7 410	9,94218
7 420	9,9411
7 430	9,94507
7 440	9,94487
7 450	9,93901
7 460	9,94017
7 470	9,94242
7 480	9,94381
7 490	9,94357
7 500	9,94334
7 510	9,94194
7 520	9,94284
7 530	9,93909
7 540	9,94043
7 550	9,9456
7 560	9,94561
7 570	9,9404
7 580	9,94212
7 590	9,94258
7 600	9,94082
7 610	9,94123
7 620	9,94346
7 630	9,94492
7 640	9,94422
7 650	9,93955
7 660	9,9392
7 670	9,94475
7 680	9,94311
7 690	9,94076
7 700	9,94434
7 710	9,94539
7 720	9,94054
7 730	9,93943
7 740	9,94154
7 750	9,94441
7 760	9,94525
7 770	9,94151
7 780	9,94162
7 790	9,94426
7 800	9,941
7 810	9,93882
7 820	9,94477
7 830	9,94595
7 840	9,9425
7 850	9,94103
7 860	9,94171
7 870	9,94197
7 880	9,94296
7 890	9,94192
7 900	9,94419
7 910	9,94596
7 920	9,94032
7 930	9,93857
7 940	9,944
7 950	9,9451
7 960	9,94092
7 970	9,94347
7 980	9,94444
7 990	9,94282
8 000	9,93966
8 010	9,94047
8 020	9,94401
8 030	9,94718
8 040	9,94114
8 050	9,94086
8 060	9,94448
8 070	9,94314
8 080	9,93854
8 090	9,94312
8 100	9,94641
8 110	9,94402
8 120	9,94076
8 130	9,94002
8 140	9,94298
8 150	9,94422
8 160	9,94213
8 170	9,94288
8 180	9,94658
8 190	9,94133
8 200	9,93876
8 210	9,9424
8 220	9,94534
8 230	9,94249
8 240	9,94346
8 250	9,94303
8 260	9,94364
8 270	9,94083
8 280	9,93976
8 290	9,94385
8 300	9,9479
8 310	9,94238
8 320	9,93991
8 330	9,94365
8 340	9,94312
8 350	9,94047
8 360	9,9422
8 370	9,94591
8 380	9,94553
8 390	9,94199
8 400	9,93806
8 410	9,94288
8 420	9,9458
8 430	9,94282
8 440	9,94198
8 450	9,94588
8 460	9,94301
8 470	9,93967
8 480	9,94063
8 490	9,94416
8 500	9,94573
8 510	9,94404
8 520	9,94139
8 530	9,94294
8 540	9,94302
8 550	9,93972
8 560	9,94327
8 570	9,94714
8 580	9,94416
8 590	9,94075
8 600	9,94234
8 610	9,94241
8 620	9,94285
8 630	9,94285
8 640	9,94415
8 650	9,9463
8 660	9,94296
8 670	9,93825
8 680	9,94172
8 690	9,94629
8 700	9,94331
8 710	9,94286
8 720	9,94404
8 730	9,94358
8 740	9,94141
8 750	9,94115
8 760	9,94203
8 770	9,94704
8 780	9,94476
8 790	9,94051
8 800	9,94182
8 810	9,9444
8 820	9,94149
8 830	9,94253
8 840	9,94534
8 850	9,94448
8 860	9,94356
8 870	9,94117
8 880	9,94097
8 890	9,94386
8 900	9,94513
8 910	9,94244
8 920	9,94517
8 930	9,94355
8 940	9,94026
8 950	9,94127
8 960	9,94584
8 970	9,94371
8 980	9,944
8 990	9,9429
9 000	9,94307
9 010	9,94296
9 020	9,94192
9 030	9,94155
9 040	9,94663
9 050	9,94612
9 060	9,94091
9 070	9,9419
9 080	9,94378
9 090	9,94261
9 100	9,94284
9 110	9,94477
9 120	9,94422
9 130	9,9447
9 140	9,94059
9 150	9,94039
9 160	9,94468
9 170	9,94651
9 180	9,94219
9 190	9,94393
9 200	9,94376
9 210	9,94168
9 220	9,94194
9 230	9,94383
9 240	9,94385
9 250	9,94529
9 260	9,94377
9 270	9,94157
9 280	9,94324
9 290	9,94252
9 300	9,9421
9 310	9,94593
9 320	9,94621
9 330	9,94146
9 340	9,9416
9 350	9,9431
9 360	9,94316
9 370	9,94391
9 380	9,94419
9 390	9,94426
9 400	9,94521
9 410	9,9416
9 420	9,93949
9 430	9,9448
9 440	9,94607
9 450	9,94357
9 460	9,94325
9 470	9,94415
9 480	9,94224
9 490	9,9428
9 500	9,94243
9 510	9,94441
9 520	9,94661
9 530	9,94399
9 540	9,94072
9 550	9,94303
9 560	9,9434
9 570	9,94277
9 580	9,94541
9 590	9,94532
9 600	9,94355
9 610	9,94224
9 620	9,94198
9 630	9,94261
9 640	9,94589
9 650	9,94382
9 660	9,94412
9 670	9,94475
9 680	9,94284
9 690	9,94021
9 700	9,94452
9 710	9,94508
9 720	9,94467
9 730	9,94382
9 740	9,94327
9 750	9,94288
9 760	9,94367
9 770	9,9417
9 780	9,94396
9 790	9,94772
9 800	9,9443
9 810	9,9408
9 820	9,94233
9 830	9,94384
9 840	9,94392
9 850	9,94535
9 860	9,94384
9 870	9,94486
9 880	9,94371
9 890	9,94132
9 900	9,942
9 910	9,94627
9 920	9,94434
9 930	9,94393
9 940	9,94444
9 950	9,94278
9 960	9,94195
9 970	9,94427
9 980	9,94432
9 990	9,94532
10 000	9,94491
10 010	9,94212
10 020	9,94287
10 030	9,94425
10 040	9,94221
10 050	9,94398
10 060	9,94756
10 070	9,94459
10 080	9,94181
10 090	9,94265
10 100	9,94318
10 110	9,9448
10 120	9,94545
10 130	9,9435
10 140	9,94435
10 150	9,9449
10 160	9,94095
10 170	9,94257
10 180	9,94663
10 190	9,94555
10 200	9,94351
10 210	9,94402
10 220	9,94262
10 230	9,94334
10 240	9,94411
10 250	9,94339
10 260	9,94564
10 270	9,94651
10 280	9,94249
10 290	9,9418
10 300	9,94417
10 310	9,94326
10 320	9,94525
10 330	9,94616
10 340	9,94417
10 350	9,94214
10 360	9,94356
10 370	9,9422
10 380	9,9453
10 390	9,94547
10 400	9,94394
10 410	9,94418
10 420	9,94534
10 430	9,94113
10 440	9,94255
10 450	9,9459
10 460	9,94579
10 470	9,94455
10 480	9,94377
10 490	9,9421
10 500	9,94402
10 510	9,94477
10 520	9,94283
10 530	9,94575
10 540	9,94706
10 550	9,94327
10 560	9,94114
10 570	9,9438
10 580	9,94388
10 590	9,94602
10 600	9,94569
10 610	9,94395
10 620	9,94365
10 630	9,94384
10 640	9,9419
10 650	9,94481
10 660	9,94646
10 670	9,94427
10 680	9,94389
10 690	9,94459
10 700	9,94242
10 710	9,94318
10 720	9,94518
10 730	9,94535
10 740	9,94597
10 750	9,94408
10 760	9,94192
10 770	9,9437
10 780	9,94472
10 790	9,94334
10 800	9,94569
10 810	9,94697
10 820	9,94325
10 830	9,94229
10 840	9,94302
10 850	9,94476
10 860	9,94626
10 870	9,94516
10 880	9,94296
10 890	9,94531
10 900	9,94403
10 910	9,94198
10 920	9,94416
10 930	9,94709
10 940	9,94505
10 950	9,94464
10 960	9,94339
10 970	9,94299
10 980	9,94455
10 990	9,94455
11 000	9,94472
11 010	9,94659
11 020	9,9449
11 030	9,94149
11 040	9,94403
11 050	9,94432
11 060	9,94478
11 070	9,94589
11 080	9,94645
11 090	9,94297
11 100	9,94357
11 110	9,94248
11 120	9,94498
11 130	9,94669
11 140	9,94517
11 150	9,94267
11 160	9,94585
11 170	9,94433
11 180	9,94256
11 190	9,94424
11 200	9,94619
11 210	9,94584
11 220	9,94537
11 230	9,94285
11 240	9,94243
11 250	9,9456
11 260	9,94458
11 270	9,94506
11 280	9,94684
11 290	9,94521
11 300	9,94171
11 310	9,94406
11 320	9,94427
11 330	9,94539
11 340	9,94646
11 350	9,94516
11 360	9,94337
11 370	9,94471
11 380	9,94288
11 390	9,9438
11 400	9,94721
11 410	9,94576
11 420	9,94373
11 430	9,94503
11 440	9,94385
11 450	9,9422
11 460	9,94514
11 470	9,94602
11 480	9,94633
11 490	9,94557
11 500	9,94224
11 510	9,94233
11 520	9,94606
11 530	9,94525
11 540	9,9443
11 550	9,94698
11 560	9,94532
11 570	9,94276
11 580	9,9432
11 590	9,94431
11 600	9,94565
11 610	9,94759
11 620	9,94422
11 630	9,94374
11 640	9,94471
11 650	9,94367
11 660	9,94312
11 670	9,94715
11 680	9,94598
11 690	9,94465
11 700	9,94495
11 710	9,94347
11 720	9,9433
11 730	9,94559
11 740	9,94584
11 750	9,94593
11 760	9,94649
11 770	9,94221
11 780	9,94261
11 790	9,94563
11 800	9,94582
11 810	9,94429
11 820	9,94716
11 830	9,94496
11 840	9,94396
11 850	9,94324
11 860	9,94426
11 870	9,94549
11 880	9,94787
11 890	9,94388
11 900	9,94386
11 910	9,94539
11 920	9,94397
11 930	9,94343
11 940	9,94659
11 950	9,94674
11 960	9,94521
11 970	9,94484
11 980	9,94262
11 990	9,94428
12 000	9,94598
12 010	9,94551
12 020	9,94554
12 030	9,94694
12 040	9,94306
12 050	9,94324
12 060	9,9453
12 070	9,94581
12 080	9,94525
12 090	9,94659
12 100	9,94461
12 110	9,94437
12 120	9,94398
12 130	9,94355
12 140	9,94623
12 150	9,94784
12 160	9,94461
12 170	9,94399
12 180	9,94547
12 190	9,94383
12 200	9,94431
12 210	9,94608
12 220	9,94654
12 230	9,94638
12 240	9,94436
12 250	9,94191
12 260	9,94482
12 270	9,94694
12 280	9,94516
12 290	9,94613
12 300	9,94679
12 310	9,94389
12 320	9,94319
12 330	9,94509
12 340	9,94551
12 350	9,94725
12 360	9,9459
12 370	9,94415
12 380	9,94484
12 390	9,94504
12 400	9,94314
12 410	9,94646
12 420	9,94809
12 430	9,94526
12 440	9,94429
12 450	9,94451
12 460	9,94378
12 470	9,94511
12 480	9,94626
12 490	9,94621
12 500	9,94763
12 510	9,94419
12 520	9,94185
12 530	9,94493
12 540	9,9479
12 550	9,94475
12 560	9,94596
12 570	9,94588
12 580	9,94475
12 590	9,94396
12 600	9,94438
12 610	9,94491
12 620	9,94836
12 630	9,94653
12 640	9,9436
12 650	9,94501
12 660	9,94501
12 670	9,94331
12 680	9,94615
12 690	9,94808
12 700	9,94555
12 710	9,94506
12 720	9,94405
12 730	9,9442
12 740	9,94594
12 750	9,94629
12 760	9,94516
12 770	9,94779
12 780	9,94503
12 790	9,94219
12 800	9,94479
12 810	9,94754
12 820	9,94537
12 830	9,94608
12 840	9,9462
12 850	9,94501
12 860	9,94484
12 870	9,9437
12 880	9,94452
12 890	9,9484
12 900	9,94713
12 910	9,94351
12 920	9,94511
12 930	9,94539
12 940	9,94396
12 950	9,9461
12 960	9,9477
12 970	9,94628
12 980	9,94552
12 990	9,94364
13 000	9,94372
13 010	9,94708
13 020	9,94633
13 030	9,94518
13 040	9,94714
13 050	9,94616
13 060	9,94287
13 070	9,94505
13 080	9,94646
13 090	9,94625
13 100	9,94664
13 110	9,94573
13 120	9,94483
13 130	9,94552
13 140	9,9438
13 150	9,94459
13 160	9,94922
13 170	9,94755
13 180	9,94338
13 190	9,94423
13 200	9,94605
13 210	9,94498
13 220	9,94614
13 230	9,94602
13 240	9,94713
13 250	9,94634
13 260	9,94351
13 270	9,94328
13 280	9,94813
13 290	9,94692
13 300	9,94524
13 310	9,94648
13 320	9,94646
13 330	9,94376
13 340	9,94458
13 350	9,94572
13 360	9,94767
13 370	9,94773
13 380	9,9445
13 390	9,94465
13 400	9,94632
13 410	9,94466
13 420	9,9447
13 430	9,94935
13 440	9,94767
13 450	9,94431
13 460	9,94378
13 470	9,94552
13 480	9,94649
13 490	9,94695
13 500	9,94486
13 510	9,94731
13 520	9,94768
13 530	9,94347
13 540	9,94295
13 550	9,94768
13 560	9,94736
13 570	9,94564
13 580	9,94605
13 590	9,94576
13 600	9,94535
13 610	9,94481
13 620	9,94456
13 630	9,94815
13 640	9,94884
13 650	9,94419
13 660	9,94404
13 670	9,94666
13 680	9,9452
13 690	9,94502
13 700	9,94779
13 710	9,94767
13 720	9,94594
13 730	9,94471
13 740	9,9439
13 750	9,94698
13 760	9,94728
13 770	9,94509
13 780	9,94673
13 790	9,94839
13 800	9,94389
13 810	9,9434
13 820	9,94709
13 830	9,94764
13 840	9,94701
13 850	9,94598
13 860	9,94501
13 870	9,94611
13 880	9,94573
13 890	9,9436
13 900	9,94766
13 910	9,9494
13 920	9,94558
13 930	9,94346
13 940	9,94628
13 950	9,9454
13 960	9,94659
13 970	9,94661
13 980	9,94677
13 990	9,94688
14 000	9,94596
14 010	9,94279
14 020	9,94638
14 030	9,94814
14 040	9,94591
14 050	9,94621
14 060	9,9478
14 070	9,94499
14 080	9,94416
14 090	9,9463
14 100	9,9472
14 110	9,9485
14 120	9,94615
14 130	9,9442
14 140	9,94614
14 150	9,9472
14 160	9,94371
14 170	9,94698
14 180	9,94941
14 190	9,94685
14 200	9,9436
14 210	9,94516
14 220	9,94595
14 230	9,9479
14 240	9,94663
14 250	9,94559
14 260	9,94744
14 270	9,94659
14 280	9,9431
14 290	9,94579
14 300	9,9488
14 310	9,94664
14 320	9,94596
14 330	9,94643
14 340	9,9457
14 350	9,94547
14 360	9,94563
14 370	9,94641
14 380	9,94922
14 390	9,94705
14 400	9,94385
14 410	9,94612
14 420	9,94712
14 430	9,94516
14 440	9,94659
14 450	9,94892
14 460	9,94685
14 470	9,94534
14 480	9,94417
14 490	9,94621
14 500	9,94863
14 510	9,94707
14 520	9,94497
14 530	9,94814
14 540	9,94704
14 550	9,94375
14 560	9,94512
14 570	9,94831
14 580	9,94813
14 590	9,94696
14 600	9,94536
14 610	9,94524
14 620	9,94718
14 630	9,94529
14 640	9,94605
14 650	9,94888
14 660	9,94828
14 670	9,94408
14 680	9,94585
14 690	9,94592
14 700	9,94677
14 710	9,94725
14 720	9,94769
14 730	9,94672
14 740	9,94704
14 750	9,94405
14 760	9,94534
14 770	9,94864
14 780	9,94758
14 790	9,94565
14 800	9,94784
14 810	9,94699
14 820	9,9446
14 830	9,94568
14 840	9,94681
14 850	9,94913
14 860	9,94843
14 870	9,94503
14 880	9,94433
14 890	9,94818
14 900	9,946
14 910	9,94587
14 920	9,94838
14 930	9,94865
14 940	9,94539
14 950	9,94543
14 960	9,94507
14 970	9,94765
14 980	9,94855
14 990	9,94638
15 000	9,9463
15 010	9,94806
15 020	9,945
15 030	9,94443
15 040	9,94835
15 050	9,94826
15 060	9,94684
15 070	9,94687
15 080	9,94612
15 090	9,94568
15 100	9,94675
15 110	9,9461
15 120	9,94837
15 130	9,94929
15 140	9,94517
15 150	9,94444
15 160	9,94786
15 170	9,94712
15 180	9,94606
15 190	9,94808
15 200	9,94794
15 210	9,94683
15 220	9,94549
15 230	9,94472
15 240	9,94768
15 250	9,9499
15 260	9,94608
15 270	9,94588
15 280	9,94817
15 290	9,94627
15 300	9,94487
15 310	9,94725
15 320	9,94826
15 330	9,94792
15 340	9,94747
15 350	9,94475
15 360	9,9464
15 370	9,94751
15 380	9,94644
15 390	9,94737
15 400	9,94971
15 410	9,94579
15 420	9,9449
15 430	9,94668
15 440	9,94759
15 450	9,94694
15 460	9,94841
15 470	9,94703
15 480	9,94748
15 490	9,94624
15 500	9,94478
15 510	9,94738
15 520	9,94996
15 530	9,94712
15 540	9,94594
15 550	9,94765
15 560	9,94627
15 570	9,94617
15 580	9,9468
15 590	9,94804
15 600	9,94881
15 610	9,94807
15 620	9,94419
15 630	9,94645
15 640	9,94786
15 650	9,9471
15 660	9,94718
15 670	9,94916
15 680	9,94665
15 690	9,9462
15 700	9,94576
15 710	9,9465
15 720	9,94862
15 730	9,94885
15 740	9,94631
15 750	9,94695
15 760	9,94692
15 770	9,94516
15 780	9,94731
15 790	9,94898
15 800	9,94768
15 810	9,94703
15 820	9,94697
15 830	9,94594
15 840	9,94709
15 850	9,94681
15 860	9,94731
15 870	9,94967
15 880	9,94836
15 890	9,94429
15 900	9,94592
15 910	9,94831
15 920	9,94769
15 930	9,94787
15 940	9,94765
15 950	9,94729
15 960	9,9476
15 970	9,94578
15 980	9,94542
15 990	9,9495
16 000	9,94944
16 010	9,94615
16 020	9,94688
16 030	9,94724
16 040	9,9462
16 050	9,94717
16 060	9,94814
16 070	9,94799
16 080	9,94884
16 090	9,94623
16 100	9,94545
16 110	9,94752
16 120	9,94771
16 130	9,94671
16 140	9,9497
16 150	9,94818
16 160	9,9452
16 170	9,94578
16 180	9,9479
16 190	9,94774
16 200	9,94876
16 210	9,94713
16 220	9,94687
16 230	9,9483
16 240	9,946
16 250	9,94544
16 260	9,94932
16 270	9,94979
16 280	9,94624
16 290	9,94709
16 300	9,9471
16 310	9,9469
16 320	9,94729
16 330	9,94777
16 340	9,94808
16 350	9,95021
16 360	9,94624
16 370	9,94475
16 380	9,94747
16 390	9,94913
16 400	9,94731
16 410	9,94866
16 420	9,94765
16 430	9,94638
16 440	9,94701
16 450	9,94691
16 460	9,9476
16 470	9,9495
16 480	9,94783
16 490	9,94641
16 500	9,94807
16 510	9,94655
16 520	9,94562
16 530	9,94901
16 540	9,9498
16 550	9,94745
16 560	9,94713
16 570	9,94628
16 580	9,94706
16 590	9,94841
16 600	9,94742
16 610	9,94796
16 620	9,95013
16 630	9,94704
16 640	9,94449
16 650	9,94772
16 660	9,94922
16 670	9,94834
16 680	9,94822
16 690	9,94746
16 700	9,94743
16 710	9,94772
16 720	9,94611
16 730	9,94727
16 740	9,95049
16 750	9,94855
16 760	9,9466
16 770	9,94749
16 780	9,94706
16 790	9,9464
16 800	9,94899
16 810	9,94892
16 820	9,94863
16 830	9,94739
16 840	9,94595
16 850	9,94667
16 860	9,94928
16 870	9,94739
16 880	9,94811
16 890	9,94982
16 900	9,94761
16 910	9,94523
16 920	9,94714
16 930	9,94861
16 940	9,94919
16 950	9,94869
16 960	9,94674
16 970	9,94802
16 980	9,9482
16 990	9,94596
17 000	9,94708
17 010	9,95098
17 020	9,94891
17 030	9,94717
17 040	9,94657
17 050	9,94709
17 060	9,94776
17 070	9,94924
17 080	9,94783
17 090	9,94931
17 100	9,94836
17 110	9,94579
17 120	9,94678
17 130	9,94929
17 140	9,94796
17 150	9,94834
17 160	9,9493
17 170	9,94737
17 180	9,94669
17 190	9,94717
17 200	9,94776
17 210	9,94966
17 220	9,94948
17 230	9,94654
17 240	9,94785
17 250	9,94821
17 260	9,9462
17 270	9,94751
17 280	9,9505
17 290	9,94889
17 300	9,94757
17 310	9,9467
17 320	9,9467
17 330	9,94902
17 340	9,94912
17 350	9,94739
17 360	9,94916
17 370	9,94952
17 380	9,94597
17 390	9,94654
17 400	9,94884
17 410	9,94893
17 420	9,9493
17 430	9,94836
17 440	9,94671
17 450	9,94793
17 460	9,94822
17 470	9,94704
17 480	9,94945
17 490	9,94977
17 500	9,94733
17 510	9,9476
17 520	9,94819
17 530	9,94636
17 540	9,94849
17 550	9,94981
17 560	9,94922
17 570	9,94811
17 580	9,947
17 590	9,94592
17 600	9,94936
17 610	9,94946
17 620	9,94747
17 630	9,94885
17 640	9,94952
17 650	9,94676
17 660	9,94671
17 670	9,94849
17 680	9,94898
17 690	9,95028
17 700	9,94822
17 710	9,94662
17 720	9,94806
17 730	9,9487
17 740	9,94669
17 750	9,94968
17 760	9,95024
17 770	9,94847
17 780	9,94718
17 790	9,94755
17 800	9,94696
17 810	9,94973
17 820	9,9494
17 830	9,94851
17 840	9,94886
17 850	9,94765
17 860	9,94604
17 870	9,94881
17 880	9,94975
17 890	9,94842
17 900	9,94919
17 910	9,94855
17 920	9,9471
17 930	9,94725
17 940	9,94817
17 950	9,94878
17 960	9,95074
17 970	9,94833
17 980	9,94675
17 990	9,94825
18 000	9,94849
18 010	9,94729
18 020	9,94946
18 030	9,95003
18 040	9,94885
18 050	9,94776
18 060	9,94643
18 070	9,94756
18 080	9,95052
18 090	9,94959
18 100	9,94803
18 110	9,94928
18 120	9,94806
18 130	9,94705
18 140	9,9485
18 150	9,94911
18 160	9,94931
18 170	9,94991
18 180	9,94799
18 190	9,94716
18 200	9,94856
18 210	9,94784
18 220	9,94908
18 230	9,95057
18 240	9,94895
18 250	9,94688
18 260	9,94845
18 270	9,94763
18 280	9,94847
18 290	9,94946
18 300	9,94949
18 310	9,94886
18 320	9,94884
18 330	9,94624
18 340	9,94792
18 350	9,95059
18 360	9,94937
18 370	9,94814
18 380	9,94924
18 390	9,94819
18 400	9,94749
18 410	9,94857
18 420	9,94825
18 430	9,95034
18 440	9,95054
18 450	9,94778
18 460	9,94664
18 470	9,94934
18 480	9,948
18 490	9,94927
18 500	9,95013
18 510	9,94936
18 520	9,9477
18 530	9,94863
18 540	9,94725
18 550	9,94914
18 560	9,95019
18 570	9,94909
18 580	9,94883
18 590	9,94915
18 600	9,94662
18 610	9,94781
18 620	9,95051
18 630	9,94959
18 640	9,94898
18 650	9,94916
18 660	9,94805
18 670	9,94776
18 680	9,94872
18 690	9,94805
18 700	9,95068
18 710	9,95082
18 720	9,94729
18 730	9,94675
18 740	9,94945
18 750	9,94894
18 760	9,94929
18 770	9,95003
18 780	9,94909
18 790	9,94888
18 800	9,94832
18 810	9,94694
18 820	9,94927
18 830	9,95114
18 840	9,94901
18 850	9,94884
18 860	9,94912
18 870	9,94749
18 880	9,94818
18 890	9,95001
18 900	9,94967
18 910	9,94983
18 920	9,94929
18 930	9,94737
18 940	9,94842
18 950	9,94882
18 960	9,94863
18 970	9,95034
18 980	9,95124
18 990	9,94748
19 000	9,9475
19 010	9,94853
19 020	9,94937
19 030	9,94955
19 040	9,94986
19 050	9,94853
19 060	9,94982
19 070	9,94832
19 080	9,94691
19 090	9,94942
19 100	9,95136
19 110	9,94942
19 120	9,94894
19 130	9,94888
19 140	9,94796
19 150	9,94891
19 160	9,94882
19 170	9,94958
19 180	9,95091
19 190	9,95001
19 200	9,94683
19 210	9,94871
19 220	9,94907
19 230	9,94941
19 240	9,95023
19 250	9,95054
19 260	9,94806
19 270	9,94867
19 280	9,94804
19 290	9,94903
19 300	9,9504
19 310	9,94994
19 320	9,94869
19 330	9,95025
19 340	9,94851
19 350	9,94682
19 360	9,94942
19 370	9,95093
19 380	9,94989
19 390	9,94926
19 400	9,94828
19 410	9,94832
19 420	9,94994
19 430	9,94868
19 440	9,94911
19 450	9,95167
19 460	9,94997
19 470	9,94696
19 480	9,94834
19 490	9,94947
19 500	9,94964
19 510	9,95069
19 520	9,94972
19 530	9,94883
19 540	9,94935
19 550	9,9481
19 560	9,94861
19 570	9,95127
19 580	9,9501
19 590	9,94858
19 600	9,94996
19 610	9,94887
19 620	9,94774
19 630	9,94962
19 640	9,95074
19 650	9,95014
19 660	9,95023
19 670	9,94769
19 680	9,94835
19 690	9,94993
19 700	9,94944
19 710	9,94897
19 720	9,95201
19 730	9,94964
19 740	9,94755
19 750	9,94834
19 760	9,94991
19 770	9,95008
19 780	9,95093
19 790	9,9488
19 800	9,94908
19 810	9,94989
19 820	9,94819
19 830	9,94839
19 840	9,95152
19 850	9,95081
19 860	9,94875
19 870	9,94976
19 880	9,9487
19 890	9,94886
19 900	9,94979
19 910	9,95026
19 920	9,9501
19 930	9,95092
19 940	9,94785
19 950	9,94823
19 960	9,9501
19 970	9,94996
19 980	9,94952
19 990	9,95176
20 000	9,94961
20 010	9,94797
20 020	9,94857
20 030	9,94973
20 040	9,95057
20 050	9,95083
20 060	9,94867
20 070	9,94933
20 080	9,95071
20 090	9,94832
20 100	9,94813
20 110	9,95112
20 120	9,95117
20 130	9,94981
20 140	9,94904
20 150	9,94803
20 160	9,9492
20 170	9,95054
20 180	9,94969
20 190	9,9505
20 200	9,95089
20 210	9,94838
20 220	9,94831
20 230	9,95022
20 240	9,94986
20 250	9,95024
20 260	9,95097
20 270	9,9495
20 280	9,949
20 290	9,94904
20 300	9,94897
20 310	9,95091
20 320	9,95143
20 330	9,94899
20 340	9,94978
20 350	9,95031
20 360	9,94863
20 370	9,94854
20 380	9,95111
20 390	9,9508
20 400	9,95091
20 410	9,94882
20 420	9,94808
20 430	9,94974
20 440	9,95113
20 450	9,94923
20 460	9,95091
20 470	9,95079
20 480	9,94871
20 490	9,94839
20 500	9,95004
20 510	9,94994
20 520	9,95109
20 530	9,95041
20 540	9,94898
20 550	9,94998
20 560	9,94955
20 570	9,9486
20 580	9,95043
20 590	9,95174
20 600	9,94947
20 610	9,95014
20 620	9,9495
20 630	9,94873
20 640	9,94969
20 650	9,95132
20 660	9,95045
20 670	9,95118
20 680	9,94905
20 690	9,94809
20 700	9,95034
20 710	9,95129
20 720	9,9493
20 730	9,95069
20 740	9,95108
20 750	9,94933
20 760	9,94904
20 770	9,94923
20 780	9,95005
20 790	9,95191
20 800	9,95075
20 810	9,94857
20 820	9,94995
20 830	9,94997
20 840	9,94876
20 850	9,95058
20 860	9,95157
20 870	9,95021
20 880	9,95013
20 890	9,9492
20 900	9,94873
20 910	9,9507
20 920	9,95096
20 930	9,95018
20 940	9,95098
20 950	9,94986
20 960	9,94829
20 970	9,95046
20 980	9,95083
20 990	9,94999
21 000	9,95107
21 010	9,95097
21 020	9,9496
21 030	9,94946
21 040	9,94916
21 050	9,94988
21 060	9,95254
21 070	9,95083
21 080	9,94911
21 090	9,94989
21 100	9,95019
21 110	9,94905
21 120	9,95097
21 130	9,95106
21 140	9,95095
21 150	9,95023
21 160	9,94911
21 170	9,94852
21 180	9,95137
21 190	9,95081
21 200	9,95058
21 210	9,95107
21 220	9,95007
21 230	9,9488
21 240	9,95008
21 250	9,95041
21 260	9,9505
21 270	9,95176
21 280	9,95029
21 290	9,94985
21 300	9,94973
21 310	9,94948
21 320	9,95023
21 330	9,95269
21 340	9,95063
21 350	9,94978
21 360	9,95001
21 370	9,95008
21 380	9,94946
21 390	9,95123
21 400	9,9506
21 410	9,95157
21 420	9,95085
21 430	9,9489
21 440	9,94909
21 450	9,95158
21 460	9,95071
21 470	9,95052
21 480	9,95126
21 490	9,95001
21 500	9,94957
21 510	9,94993
21 520	9,94991
21 530	9,95125
21 540	9,95229
21 550	9,94976
21 560	9,94974
21 570	9,95023
21 580	9,94963
21 590	9,95043
21 600	9,95218
21 610	9,95061
21 620	9,95046
21 630	9,9505
21 640	9,94949
21 650	9,95027
21 660	9,95129
21 670	9,95067
21 680	9,95157
21 690	9,95129
21 700	9,94865
21 710	9,9495
21 720	9,95165
21 730	9,951
21 740	9,95087
21 750	9,95115
21 760	9,95011
21 770	9,9503
21 780	9,95023
21 790	9,94937
21 800	9,95174
21 810	9,9525
21 820	9,95017
21 830	9,94944
21 840	9,95068
21 850	9,94965
21 860	9,95105
21 870	9,95166
21 880	9,95104
21 890	9,95083
21 900	9,95063
21 910	9,94895
21 920	9,95073
21 930	9,95163
21 940	9,95086
21 950	9,95151
21 960	9,95128
21 970	9,94919
21 980	9,94991
21 990	9,95161
22 000	9,95096
22 010	9,9516
22 020	9,95097
22 030	9,95033
22 040	9,95049
22 050	9,95056
22 060	9,94925
22 070	9,95231
22 080	9,95241
22 090	9,95068
22 100	9,94959
22 110	9,95062
22 120	9,94994
22 130	9,95159
22 140	9,95126
22 150	9,95107
22 160	9,95146
22 170	9,95056
22 180	9,94896
22 190	9,95095
22 200	9,95184
22 210	9,95115
22 220	9,95145
22 230	9,95089
22 240	9,94987
22 250	9,95053
22 260	9,95087
22 270	9,95071
22 280	9,95242
22 290	9,95139
22 300	9,95027
22 310	9,95053
22 320	9,95026
22 330	9,95005
22 340	9,9525
22 350	9,95223
22 360	9,95063
22 370	9,95031
22 380	9,95024
22 390	9,95053
22 400	9,95194
22 410	9,95104
22 420	9,95103
22 430	9,95214
22 440	9,95067
22 450	9,94906
22 460	9,95105
22 470	9,95171
22 480	9,95171
22 490	9,95167
22 500	9,95049
22 510	9,95015
22 520	9,95142
22 530	9,95025
22 540	9,95092
22 550	9,95257
22 560	9,95191
22 570	9,95011
22 580	9,9509
22 590	9,95002
22 600	9,95087
22 610	9,95239
22 620	9,95185
22 630	9,95081
22 640	9,95111
22 650	9,94987
22 660	9,95062
22 670	9,95228
22 680	9,95144
22 690	9,95117
22 700	9,95214
22 710	9,95072
22 720	9,94958
22 730	9,95136
22 740	9,95131
22 750	9,95202
22 760	9,95194
22 770	9,95069
22 780	9,95025
22 790	9,95177
22 800	9,9502
22 810	9,95108
22 820	9,95287
22 830	9,95207
22 840	9,95018
22 850	9,95064
22 860	9,95011
22 870	9,95174
22 880	9,95264
22 890	9,95136
22 900	9,95082
22 910	9,95188
22 920	9,95028
22 930	9,95051
22 940	9,95186
22 950	9,95146
22 960	9,95178
22 970	9,95219
22 980	9,95059
22 990	9,95011
23 000	9,95128
23 010	9,95142
23 020	9,95241
23 030	9,95254
23 040	9,95053
23 050	9,95035
23 060	9,95146
23 070	9,95058
23 080	9,95163
23 090	9,95284
23 100	9,95205
23 110	9,95072
23 120	9,95066
23 130	9,95019
23 140	9,95221
23 150	9,95263
23 160	9,95113
23 170	9,95119
23 180	9,95225
23 190	9,95039
23 200	9,95066
23 210	9,95128
23 220	9,95209
23 230	9,95251
23 240	9,95223
23 250	9,94986
23 260	9,95081
23 270	9,95134
23 280	9,9515
23 290	9,95247
23 300	9,95273
23 310	9,95069
23 320	9,95083
23 330	9,95104
23 340	9,95092
23 350	9,95222
23 360	9,95266
23 370	9,95174
23 380	9,95152
23 390	9,95085
23 400	9,95006
23 410	9,95233
23 420	9,95243
23 430	9,9516
23 440	9,95182
23 450	9,95217
23 460	9,95028
23 470	9,95105
23 480	9,95121
23 490	9,95253
23 500	9,95324
23 510	9,95178
23 520	9,94969
23 530	9,95144
23 540	9,95171
23 550	9,95135
23 560	9,95246
23 570	9,9527
23 580	9,95142
23 590	9,95132
23 600	9,95048
23 610	9,95092
23 620	9,953
23 630	9,95253
23 640	9,95132
23 650	9,95189
23 660	9,95121
23 670	9,95052
23 680	9,95212
23 690	9,9523
23 700	9,95177
23 710	9,95271
23 720	9,95166
23 730	9,95049
23 740	9,95106
23 750	9,95152
23 760	9,9524
23 770	9,9539
23 780	9,95158
23 790	9,94997
23 800	9,95156
23 810	9,95218
23 820	9,9516
23 830	9,95251
23 840	9,95219
23 850	9,95182
23 860	9,95186
23 870	9,95038
23 880	9,95109
23 890	9,95316
23 900	9,95288
23 910	9,95135
23 920	9,95232
23 930	9,95097
23 940	9,95122
23 950	9,9518
23 960	9,95254
23 970	9,95215
23 980	9,95319
23 990	9,95093
24 000	9,95093
24 010	9,95154
24 020	9,95207
24 030	9,95224
24 040	9,95372
24 050	9,95156
24 060	9,9509
24 070	9,95153
24 080	9,95171
24 090	9,95207
24 100	9,95284
24 110	9,95225
24 120	9,95199
24 130	9,95223
24 140	9,95029
24 150	9,95179
24 160	9,95323
24 170	9,95293
24 180	9,95165
24 190	9,95244
24 200	9,95082
24 210	9,95157
24 220	9,95165
24 230	9,95252
24 240	9,95312
24 250	9,95357
24 260	9,95053
24 270	9,95106
24 280	9,95199
24 290	9,95236
24 300	9,95268
24 310	9,95301
24 320	9,95136
24 330	9,95161
24 340	9,95204
24 350	9,95133
24 360	9,95239
24 370	9,95306
24 380	9,95252
24 390	9,95262
24 400	9,9519
24 410	9,95015
24 420	9,9518
24 430	9,9535
24 440	9,95282
24 450	9,95244
24 460	9,95207
24 470	9,95106
24 480	9,95207
24 490	9,95241
24 500	9,952
24 510	9,95351
24 520	9,95303
24 530	9,95093
24 540	9,95115
24 550	9,95238
24 560	9,95216
24 570	9,95314
24 580	9,95285
24 590	9,95196
24 600	9,95253
24 610	9,95184
24 620	9,95082
24 630	9,9524
24 640	9,9536
24 650	9,95244
24 660	9,95265
24 670	9,95142
24 680	9,95103
24 690	9,95227
24 700	9,95371
24 710	9,95237
24 720	9,9532
24 730	9,95175
24 740	9,95155
24 750	9,95186
24 760	9,95254
24 770	9,95175
24 780	9,954
24 790	9,95314
24 800	9,95167
24 810	9,95152
24 820	9,95219
24 830	9,95218
24 840	9,95331
24 850	9,95286
24 860	9,95206
24 870	9,95272
24 880	9,95128
24 890	9,95124
24 900	9,95303
24 910	9,95428
24 920	9,95247
24 930	9,9527
24 940	9,95108
24 950	9,95188
24 960	9,95261
24 970	9,95298
24 980	9,95215
24 990	9,95358
25 000	9,95219
25 010	9,95185
25 020	9,95202
25 030	9,95239
25 040	9,95267
25 050	9,95417
25 060	9,95281
25 070	9,95151
25 080	9,9518
25 090	9,95178
25 100	9,95279
25 110	9,95365
25 120	9,95299
25 130	9,95232
25 140	9,95305
25 150	9,95138
25 160	9,95181
25 170	9,95319
25 180	9,95362
25 190	9,95281
25 200	9,95269
25 210	9,95124
25 220	9,95211
25 230	9,95327
25 240	9,95274
25 250	9,95308
25 260	9,95383
25 270	9,95239
25 280	9,95146
25 290	9,95194
25 300	9,9521
25 310	9,95354
25 320	9,95398
25 330	9,95229
25 340	9,95188
25 350	9,95264
25 360	9,95205
25 370	9,95286
25 380	9,95388
25 390	9,95284
25 400	9,95283
25 410	9,95235
25 420	9,95143
25 430	9,95198
25 440	9,95384
25 450	9,9531
25 460	9,95357
25 470	9,95282
25 480	9,95171
25 490	9,95222
25 500	9,9534
25 510	9,95226
25 520	9,95321
25 530	9,95377
25 540	9,95279
25 550	9,95194
25 560	9,95192
25 570	9,95225
25 580	9,95432
25 590	9,95447
25 600	9,95217
25 610	9,95224
25 620	9,95239
25 630	9,95222
25 640	9,95265
25 650	9,95385
25 660	9,95309
25 670	9,95368
25 680	9,95236
25 690	9,95181
25 700	9,95252
25 710	9,95381
25 720	9,95288
25 730	9,95386
25 740	9,95278
25 750	9,95176
25 760	9,95209
25 770	9,95312
25 780	9,95294
25 790	9,95424
25 800	9,95385
25 810	9,95255
25 820	9,95251
25 830	9,95207
25 840	9,95244
25 850	9,95414
25 860	9,95399
25 870	9,95244
25 880	9,95286
25 890	9,95246
25 900	9,95231
25 910	9,95333
25 920	9,95394
25 930	9,95357
25 940	9,95394
25 950	9,9519
25 960	9,95136
25 970	9,95293
25 980	9,95383
25 990	9,95318
26 000	9,95387
26 010	9,95312
26 020	9,95271
26 030	9,95267
26 040	9,95239
26 050	9,95306
26 060	9,95515
26 070	9,95355
26 080	9,95186
26 090	9,95186
26 100	9,9526
26 110	9,95328
26 120	9,95495
26 130	9,9537
26 140	9,95296
26 150	9,95306
26 160	9,95276
26 170	9,95261
26 180	9,9535
26 190	9,95292
26 200	9,9536
26 210	9,95442
26 220	9,9525
26 230	9,95149
26 240	9,95327
26 250	9,95431
26 260	9,95414
26 270	9,95404
26 280	9,95231
26 290	9,95244
26 300	9,95244
26 310	9,95243
26 320	9,95335
26 330	9,95549
26 340	9,95335
26 350	9,95251
26 360	9,95284
26 370	9,9533
26 380	9,95322
26 390	9,95405
26 400	9,95324
26 410	9,95364
26 420	9,95318
26 430	9,95191
26 440	9,9524
26 450	9,95424
26 460	9,95412
26 470	9,9545
26 480	9,95435
26 490	9,95241
26 500	9,95198
26 510	9,95297
26 520	9,95354
26 530	9,9542
26 540	9,95397
26 550	9,95254
26 560	9,95288
26 570	9,95322
26 580	9,95288
26 590	9,95443
26 600	9,95512
26 610	9,95328
26 620	9,95221
26 630	9,95262
26 640	9,95278
26 650	9,95342
26 660	9,95342
26 670	9,9535
26 680	9,95508
26 690	9,95438
26 700	9,95183
26 710	9,95214
26 720	9,95415
26 730	9,95454
26 740	9,95463
26 750	9,95293
26 760	9,95186
26 770	9,95256
26 780	9,95411
26 790	9,95393
26 800	9,95541
26 810	9,95398
26 820	9,95322
26 830	9,95316
26 840	9,95341
26 850	9,95197
26 860	9,95385
26 870	9,9543
26 880	9,9542
26 890	9,95326
26 900	9,95271
26 910	9,95265
26 920	9,95476
26 930	9,9544
26 940	9,95375
26 950	9,95436
26 960	9,95296
26 970	9,95158
26 980	9,95233
26 990	9,95435
27 000	9,95442
27 010	9,95511
27 020	9,95304
27 030	9,95336
27 040	9,95369
27 050	9,95374
27 060	9,95288
27 070	9,95506
27 080	9,95401
27 090	9,95319
27 100	9,95262
27 110	9,95327
27 120	9,95343
27 130	9,95514
27 140	9,9546
27 150	9,95457
27 160	9,95427
27 170	9,95246
27 180	9,95221
27 190	9,95376
27 200	9,95421
27 210	9,95401
27 220	9,95491
27 230	9,95322
27 240	9,95242
27 250	9,95331
27 260	9,95487
27 270	9,95532
27 280	9,95451
27 290	9,95195
27 300	9,95275
27 310	9,95419
27 320	9,95316
27 330	9,95269
27 340	9,9549
27 350	9,95549
27 360	9,95463
27 370	9,95329
27 380	9,95225
27 390	9,95378
27 400	9,95494
27 410	9,95425
27 420	9,95392
27 430	9,95377
27 440	9,95228
27 450	9,95331
27 460	9,95509
27 470	9,9548
27 480	9,95473
27 490	9,95469
27 500	9,9536
27 510	9,95269
27 520	9,95298
27 530	9,95304
27 540	9,95526
27 550	9,95488
27 560	9,95349
27 570	9,95321
27 580	9,95463
27 590	9,95318
27 600	9,95426
27 610	9,95481
27 620	9,95486
27 630	9,95359
27 640	9,95274
27 650	9,95193
27 660	9,95415
27 670	9,95508
27 680	9,95447
27 690	9,95513
27 700	9,95461
27 710	9,95315
27 720	9,95301
27 730	9,95453
27 740	9,95425
27 750	9,95522
27 760	9,9536
27 770	9,95323
27 780	9,95358
27 790	9,95489
27 800	9,9535
27 810	9,95531
27 820	9,95501
27 830	9,95479
27 840	9,95375
27 850	9,95312
27 860	9,95197
27 870	9,95432
27 880	9,95527
27 890	9,955
27 900	9,95433
27 910	9,95304
27 920	9,95309
27 930	9,95518
27 940	9,95554
27 950	9,95363
27 960	9,954
27 970	9,95373
27 980	9,95376
27 990	9,95322
28 000	9,95348
28 010	9,95426
28 020	9,95681
28 030	9,95517
28 040	9,9535
28 050	9,95359
28 060	9,95412
28 070	9,95393
28 080	9,9549
28 090	9,95463
28 100	9,95406
28 110	9,95408
28 120	9,95334
28 130	9,9541
28 140	9,95553
28 150	9,95529
28 160	9,95471
28 170	9,95481
28 180	9,95319
28 190	9,9526
28 200	9,95416
28 210	9,95473
28 220	9,95471
28 230	9,95483
28 240	9,95415
28 250	9,95404
28 260	9,95452
28 270	9,95366
28 280	9,95492
28 290	9,95559
28 300	9,95425
28 310	9,95286
28 320	9,95403
28 330	9,9536
28 340	9,95441
28 350	9,95537
28 360	9,95579
28 370	9,95543
28 380	9,9544
28 390	9,95267
28 400	9,95391
28 410	9,95579
28 420	9,95478
28 430	9,95401
28 440	9,95402
28 450	9,95408
28 460	9,95448
28 470	9,95521
28 480	9,95412
28 490	9,95551
28 500	9,95553
28 510	9,95464
28 520	9,95305
28 530	9,95344
28 540	9,95302
28 550	9,95569
28 560	9,95599
28 570	9,95468
28 580	9,95363
28 590	9,95449
28 600	9,95434
28 610	9,9553
28 620	9,95483
28 630	9,95423
28 640	9,9549
28 650	9,95459
28 660	9,95298
28 670	9,95365
28 680	9,95571
28 690	9,95573
28 700	9,95603
28 710	9,95465
28 720	9,95401
28 730	9,95419
28 740	9,95446
28 750	9,95375
28 760	9,95565
28 770	9,95537
28 780	9,95409
28 790	9,95374
28 800	9,95475
28 810	9,95459
28 820	9,95592
28 830	9,95557
28 840	9,95494
28 850	9,95429
28 860	9,95337
28 870	9,95309
28 880	9,9552
28 890	9,95544
28 900	9,95478
28 910	9,95537
28 920	9,95504
28 930	9,95396
28 940	9,95472
28 950	9,95512
28 960	9,9551
28 970	9,95517
28 980	9,95432
28 990	9,95389
29 000	9,95459
29 010	9,95396
29 020	9,95478
29 030	9,95715
29 040	9,95665
29 050	9,95405
29 060	9,95346
29 070	9,95422
29 080	9,95521
29 090	9,95572
29 100	9,95424
29 110	9,95418
29 120	9,95538
29 130	9,95495
29 140	9,95423
29 150	9,95544
29 160	9,95542
29 170	9,95582
29 180	9,95547
29 190	9,9539
29 200	9,95267
29 210	9,95448
29 220	9,955
29 230	9,95591
29 240	9,95567
29 250	9,95465
29 260	9,95448
29 270	9,9557
29 280	9,9547
29 290	9,95472
29 300	9,95565
29 310	9,95533
29 320	9,95431
29 330	9,95411
29 340	9,95383
29 350	9,95559
29 360	9,9568
29 370	9,95572
29 380	9,95524
29 390	9,95549
29 400	9,95439
29 410	9,95399
29 420	9,95485
29 430	9,95491
29 440	9,9556
29 450	9,95542
29 460	9,95438
29 470	9,95467
29 480	9,95556
29 490	9,95516
29 500	9,95604
29 510	9,95623
29 520	9,95449
29 530	9,95335
29 540	9,95399
29 550	9,95426
29 560	9,95597
29 570	9,95613
29 580	9,95526
29 590	9,95514
29 600	9,95561
29 610	9,95481
29 620	9,95546
29 630	9,95514
29 640	9,95478
29 650	9,95534
29 660	9,95576
29 670	9,95366
29 680	9,95415
29 690	9,95542
29 700	9,95718
29 710	9,95737
29 720	9,95551
29 730	9,95329
29 740	9,95471
29 750	9,95558
29 760	9,95477
29 770	9,95489
29 780	9,95525
29 790	9,95541
29 800	9,95558
29 810	9,95505
29 820	9,95446
29 830	9,95641
29 840	9,95638
29 850	9,95548
29 860	9,95438
29 870	9,95404
29 880	9,95344
29 890	9,95568
29 900	9,95574
29 910	9,95612
29 920	9,95621
29 930	9,9561
29 940	9,95469
29 950	9,95524
29 960	9,95493
29 970	9,95563
29 980	9,95636
29 990	9,95501
30 000	9,95348
30 010	9,95489
30 020	9,95597
30 030	9,9564
30 040	9,95682
30 050	9,95595
30 060	9,95558
30 070	9,95543
30 080	9,95437
30 090	9,95392
30 100	9,95542
30 110	9,95533
30 120	9,95554
30 130	9,95626
30 140	9,95538
30 150	9,95467
30 160	9,95578
30 170	9,95639
30 180	9,95672
30 190	9,95579
30 200	9,95343
30 210	9,95314
30 220	9,95529
30 230	9,9561
30 240	9,95617
30 250	9,95638
30 260	9,95567
30 270	9,95626
30 280	9,95674
30 290	9,95505
30 300	9,95429
30 310	9,95536
30 320	9,95594
30 330	9,95587
30 340	9,95518
30 350	9,95363
30 360	9,95561
30 370	9,95794
30 380	9,95788
30 390	9,95586
30 400	9,95515
30 410	9,95405
30 420	9,95519
30 430	9,955
30 440	9,95451
30 450	9,95526
30 460	9,95706
30 470	9,95571
30 480	9,95542
30 490	9,95571
30 500	9,95628
30 510	9,95657
30 520	9,95602
30 530	9,95456
30 540	9,95448
30 550	9,95489
30 560	9,9541
30 570	9,95605
30 580	9,95704
30 590	9,95734
30 600	9,95671
30 610	9,9567
30 620	9,95443
30 630	9,95527
30 640	9,95557
30 650	9,95634
30 660	9,95548
30 670	9,95489
30 680	9,95406
30 690	9,95663
30 700	9,95731
30 710	9,95686
30 720	9,95684
30 730	9,95662
30 740	9,95509
30 750	9,95465
30 760	9,95479
30 770	9,95415
30 780	9,95536
30 790	9,95578
30 800	9,9572
30 810	9,95697
30 820	9,95573
30 830	9,95421
30 840	9,95721
30 850	9,95778
30 860	9,95606
30 870	9,95349
30 880	9,95351
30 890	9,95469
30 900	9,95736
30 910	9,95675
30 920	9,95613
30 930	9,95709
30 940	9,95773
30 950	9,95692
30 960	9,95554
30 970	9,95418
30 980	9,95462
30 990	9,95718
31 000	9,95637
31 010	9,95477
31 020	9,95467
31 030	9,95632
31 040	9,95774
31 050	9,95859
31 060	9,95638
31 070	9,95517
31 080	9,95532
31 090	9,95501
31 100	9,95409
31 110	9,95465
31 120	9,95571
31 130	9,95708
31 140	9,95765
31 150	9,9556
31 160	9,95581
31 170	9,95713
31 180	9,95716
31 190	9,95553
31 200	9,95562
31 210	9,95462
31 220	9,95501
31 230	9,95517
31 240	9,95598
31 250	9,95721
31 260	9,9584
31 270	9,95753
31 280	9,95719
31 290	9,95647
31 300	9,9543
31 310	9,95488
31 320	9,95655
31 330	9,95668
31 340	9,9549
31 350	9,95522
31 360	9,95574
31 370	9,95812
31 380	9,95769
31 390	9,95699
31 400	9,95615
31 410	9,9565
31 420	9,95452
31 430	9,95501
31 440	9,95457
31 450	9,95459
31 460	9,95615
31 470	9,95868
31 480	9,9578
31 490	9,95585
31 500	9,95517
31 510	9,95653
31 520	9,95865
31 530	9,95664
31 540	9,95385
31 550	9,95404
31 560	9,9566
31 570	9,9563
31 580	9,95694
31 590	9,95674
31 600	9,95803
31 610	9,9585
31 620	9,95777
31 630	9,95451
31 640	9,95466
31 650	9,95538
31 660	9,95678
31 670	9,95672
31 680	9,95554
31 690	9,95482
31 700	9,95709
31 710	9,95812
31 720	9,95719
31 730	9,95682
31 740	9,95646
31 750	9,95607
31 760	9,95537
31 770	9,95417
31 780	9,95399
31 790	9,95701
31 800	9,95816
31 810	9,95756
31 820	9,95648
31 830	9,95638
31 840	9,95669
31 850	9,95768
31 860	9,9564
31 870	9,95555
31 880	9,95596
31 890	9,95574
31 900	9,95544
31 910	9,9566
31 920	9,95713
31 930	9,95758
31 940	9,95858
31 950	9,95786
31 960	9,95639
31 970	9,95516
31 980	9,95478
31 990	9,95614
32 000	9,95763
32 010	9,9563
32 020	9,95538
32 030	9,95652
32 040	9,95703
32 050	9,95746
32 060	9,95759
32 070	9,95684
32 080	9,95616
32 090	9,95634
32 100	9,95517
32 110	9,9551
32 120	9,95541
32 130	9,95674
32 140	9,95828
32 150	9,95874
32 160	9,95602
32 170	9,95556
32 180	9,95722
32 190	9,95775
32 200	9,95656
32 210	9,95574
32 220	9,95567
32 230	9,95678
32 240	9,95684
32 250	9,95572
32 260	9,95705
32 270	9,95875
32 280	9,95859
32 290	9,95685
32 300	9,95587
32 310	9,95483
32 320	9,95651
32 330	9,95704
32 340	9,95664
32 350	9,95617
32 360	9,95685
32 370	9,95665
32 380	9,95744
32 390	9,95691
32 400	9,95669
32 410	9,95741
32 420	9,95769
32 430	9,95567
32 440	9,95512
32 450	9,95551
32 460	9,95681
32 470	9,95817
32 480	9,95788
32 490	9,95677
32 500	9,95703
32 510	9,95705
32 520	9,95629
32 530	9,95703
32 540	9,95713
32 550	9,95678
32 560	9,9564
32 570	9,9564
32 580	9,95628
32 590	9,95753
32 600	9,95728
32 610	9,95755
32 620	9,95815
32 630	9,9575
32 640	9,95535
32 650	9,95572
32 660	9,95638
32 670	9,95737
32 680	9,95758
32 690	9,95685
32 700	9,95644
32 710	9,95728
32 720	9,95701
32 730	9,95685
32 740	9,95765
32 750	9,95733
32 760	9,95674
32 770	9,95663
32 780	9,9558
32 790	9,95565
32 800	9,95739
32 810	9,95828
32 820	9,95813
32 830	9,95722
32 840	9,9562
32 850	9,95678
32 860	9,95786
32 870	9,95671
32 880	9,9564
32 890	9,95759
32 900	9,95761
32 910	9,95636
32 920	9,95625
32 930	9,95669
32 940	9,95842
32 950	9,95883
32 960	9,95709
32 970	9,95617
32 980	9,9567
32 990	9,95638
33 000	9,95675
33 010	9,95754
33 020	9,95746
33 030	9,95718
33 040	9,95738
33 050	9,95659
33 060	9,95694
33 070	9,95753
33 080	9,95754
33 090	9,95765
33 100	9,9573
33 110	9,95587
33 120	9,9563
33 130	9,95739
33 140	9,95747
33 150	9,95762
33 160	9,95824
33 170	9,95746
33 180	9,95695
33 190	9,95639
33 200	9,95668
33 210	9,95797
33 220	9,9581
33 230	9,95652
33 240	9,95691
33 250	9,9574
33 260	9,95692
33 270	9,95711
33 280	9,95806
33 290	9,95815
33 300	9,95781
33 310	9,9566
33 320	9,95579
33 330	9,95725
33 340	9,95764
33 350	9,95717
33 360	9,95746
33 370	9,95801
33 380	9,95702
33 390	9,95733
33 400	9,95686
33 410	9,95727
33 420	9,95786
33 430	9,95832
33 440	9,95678
33 450	9,95658
33 460	9,95595
33 470	9,95742
33 480	9,95875
33 490	9,9586
33 500	9,95665
33 510	9,95743
33 520	9,95771
33 530	9,95738
33 540	9,95696
33 550	9,95706
33 560	9,95795
33 570	9,95846
33 580	9,95715
33 590	9,95603
33 600	9,95765
33 610	9,95803
33 620	9,95812
33 630	9,95794
33 640	9,95781
33 650	9,95664
33 660	9,95709
33 670	9,95645
33 680	9,95778
33 690	9,9584
33 700	9,95812
33 710	9,9569
33 720	9,95757
33 730	9,95704
33 740	9,95757
33 750	9,95819
33 760	9,95787
33 770	9,95722
33 780	9,9574
33 790	9,9571
33 800	9,95703
33 810	9,95753
33 820	9,95747
33 830	9,95879
33 840	9,95882
33 850	9,95714
33 860	9,956
33 870	9,95768
33 880	9,95787
33 890	9,95816
33 900	9,95765
33 910	9,9576
33 920	9,95737
33 930	9,95743
33 940	9,95695
33 950	9,95845
33 960	9,95918
33 970	9,95762
33 980	9,95705
33 990	9,95732
34 000	9,95741
34 010	9,9572
34 020	9,95783
34 030	9,95765
34 040	9,95872
34 050	9,9581
34 060	9,95708
34 070	9,95684
34 080	9,95782
34 090	9,958
34 100	9,95903
34 110	9,95826
34 120	9,95619
34 130	9,95642
34 140	9,95802
34 150	9,95873
34 160	9,95834
34 170	9,95797
34 180	9,95751
34 190	9,9585
34 200	9,95748
34 210	9,95686
34 220	9,95759
34 230	9,95906
34 240	9,95782
34 250	9,95788
34 260	9,95732
34 270	9,95755
34 280	9,95777
34 290	9,95827
34 300	9,95835
34 310	9,95908
34 320	9,95785
34 330	9,95622
34 340	9,95697
34 350	9,95804
34 360	9,9587
34 370	9,95863
34 380	9,95801
34 390	9,95685
34 400	9,95816
34 410	9,95782
34 420	9,95823
34 430	9,95799
34 440	9,95827
34 450	9,95746
34 460	9,9583
34 470	9,95705
34 480	9,95713
34 490	9,95824
34 500	9,95931
34 510	9,95874
34 520	9,9582
34 530	9,95716
34 540	9,95719
34 550	9,95834
34 560	9,95795
34 570	9,95847
34 580	9,95873
34 590	9,95804
34 600	9,95647
34 610	9,95795
34 620	9,95865
34 630	9,95941
34 640	9,9583
34 650	9,95744
34 660	9,95744
34 670	9,9587
34 680	9,95749
34 690	9,9572
34 700	9,95831
34 710	9,95902
34 720	9,95897
34 730	9,95809
34 740	9,95687
34 750	9,95712
34 760	9,95906
34 770	9,95906
34 780	9,95877
34 790	9,9573
34 800	9,95678
34 810	9,95762
34 820	9,95928
34 830	9,95844
34 840	9,95858
34 850	9,95857
34 860	9,95821
34 870	9,95778
34 880	9,95785
34 890	9,95775
34 900	9,95845
34 910	9,95884
34 920	9,95809
34 930	9,95841
34 940	9,95814
34 950	9,9575
34 960	9,95796
34 970	9,95956
34 980	9,95914
34 990	9,95867
35 000	9,95699
35 010	9,95667
35 020	9,95827
35 030	9,95953
35 040	9,95863
35 050	9,9582
35 060	9,95826
35 070	9,95807
35 080	9,9585
35 090	9,95804
35 100	9,95802
35 110	9,95878
35 120	9,9591
35 130	9,95767
35 140	9,95782
35 150	9,95758
35 160	9,95836
35 170	9,95922
35 180	9,95957
35 190	9,95834
35 200	9,95843
35 210	9,95763
35 220	9,95741
35 230	9,95838
35 240	9,95931
35 250	9,95915
35 260	9,95868
35 270	9,95731
35 280	9,95733
35 290	9,95957
35 300	9,95964
35 310	9,95843
35 320	9,95793
35 330	9,95854
35 340	9,95832
35 350	9,95842
35 360	9,9571
35 370	9,95811
35 380	9,95977
35 390	9,95993
35 400	9,95797
35 410	9,9578
35 420	9,95748
35 430	9,95861
35 440	9,95954
35 450	9,95909
35 460	9,95799
35 470	9,95804
35 480	9,95775
35 490	9,95826
35 500	9,95938
35 510	9,95922
35 520	9,95899
35 530	9,95883
35 540	9,9581
35 550	9,95789
35 560	9,95885
35 570	9,95838
35 580	9,95859
35 590	9,95925
35 600	9,95912
35 610	9,95845
35 620	9,95809
35 630	9,95778
35 640	9,95933
35 650	9,96042
35 660	9,95903
35 670	9,95745
35 680	9,95773
35 690	9,958
35 700	9,95906
35 710	9,95946
35 720	9,95887
35 730	9,95888
35 740	9,95898
35 750	9,95802
35 760	9,95827
35 770	9,95903
35 780	9,95902
35 790	9,95889
35 800	9,95885
35 810	9,95791
35 820	9,95838
35 830	9,95882
35 840	9,95865
35 850	9,95933
35 860	9,95999
35 870	9,95906
35 880	9,95822
35 890	9,95756
35 900	9,95775
35 910	9,95981
35 920	9,96052
35 930	9,95876
35 940	9,95772
35 950	9,95837
35 960	9,95901
35 970	9,95981
35 980	9,95906
35 990	9,95851
36 000	9,95912
36 010	9,95916
36 020	9,9577
36 030	9,95807
36 040	9,95879
36 050	9,95945
36 060	9,96003
36 070	9,95946
36 080	9,95813
36 090	9,95823
36 100	9,95852
36 110	9,9589
36 120	9,95982
36 130	9,95931
36 140	9,95813
36 150	9,95818
36 160	9,95837
36 170	9,95897
36 180	9,96031
36 190	9,96
36 200	9,95867
36 210	9,95855
36 220	9,95862
36 230	9,95878
36 240	9,95891
36 250	9,95875
36 260	9,95903
36 270	9,96039
36 280	9,95921
36 290	9,95806
36 300	9,95844
36 310	9,9596
36 320	9,95982
36 330	9,95992
36 340	9,95842
36 350	9,95804
36 360	9,95837
36 370	9,95852
36 380	9,95923
36 390	9,9605
36 400	9,95984
36 410	9,95838
36 420	9,95852
36 430	9,95842
36 440	9,95957
36 450	9,95965
36 460	9,95879
36 470	9,95814
36 480	9,95963
36 490	9,95911
36 500	9,95917
36 510	9,95851
36 520	9,95929
36 530	9,96029
36 540	9,96128
36 550	9,9584
36 560	9,95708
36 570	9,95792
36 580	9,95994
36 590	9,96089
36 600	9,95982
36 610	9,95797
36 620	9,95847
36 630	9,96034
36 640	9,95965
36 650	9,95932
36 660	9,95898
36 670	9,95938
36 680	9,95907
36 690	9,95913
36 700	9,95771
36 710	9,95888
36 720	9,95968
36 730	9,96023
36 740	9,96016
36 750	9,95989
36 760	9,95807
36 770	9,9582
36 780	9,95913
36 790	9,95976
36 800	9,96026
36 810	9,95919
36 820	9,958
36 830	9,95849
36 840	9,96018
36 850	9,96009
36 860	9,96062
36 870	9,95958
36 880	9,95903
36 890	9,9591
36 900	9,95933
36 910	9,95825
36 920	9,95916
36 930	9,95976
36 940	9,96016
36 950	9,96012
36 960	9,95927
36 970	9,95855
36 980	9,95931
36 990	9,96013
37 000	9,95956
37 010	9,96
37 020	9,95867
37 030	9,95775
37 040	9,95789
37 050	9,95982
37 060	9,96085
37 070	9,96145
37 080	9,95888
37 090	9,95791
37 100	9,95937
37 110	9,96076
37 120	9,95932
37 130	9,95842
37 140	9,95867
37 150	9,96008
37 160	9,9611
37 170	9,95889
37 180	9,95831
37 190	9,95976
37 200	9,9619
37 210	9,96099
37 220	9,95981
37 230	9,95696
37 240	9,95784
37 250	9,95993
37 260	9,96138
37 270	9,95975
37 280	9,95916
37 290	9,9588
37 300	9,96028
37 310	9,96059
37 320	9,95922
37 330	9,95878
37 340	9,9598
37 350	9,95971
37 360	9,95871
37 370	9,95899
37 380	9,95853
37 390	9,95971
37 400	9,96042
37 410	9,96128
37 420	9,96041
37 430	9,9597
37 440	9,95763
37 450	9,95911
37 460	9,96056
37 470	9,96064
37 480	9,95934
37 490	9,9592
37 500	9,95913
37 510	9,96031
37 520	9,96093
37 530	9,96032
37 540	9,9604
37 550	9,96002
37 560	9,95924
37 570	9,95888
37 580	9,95929
37 590	9,95868
37 600	9,95985
37 610	9,96044
37 620	9,96052
37 630	9,95999
37 640	9,95964
37 650	9,95865
37 660	9,95971
37 670	9,96035
37 680	9,96019
37 690	9,95955
37 700	9,95833
37 710	9,95786
37 720	9,95987
37 730	9,96217
37 740	9,96113
37 750	9,95986
37 760	9,95882
37 770	9,96014
37 780	9,96106
37 790	9,95975
37 800	9,95783
37 810	9,95976
37 820	9,96157
37 830	9,96091
37 840	9,95925
37 850	9,95875
37 860	9,96002
37 870	9,96197
37 880	9,96157
37 890	9,95925
37 900	9,95841
37 910	9,95803
37 920	9,95954
37 930	9,96087
37 940	9,96061
37 950	9,95911
37 960	9,96028
37 970	9,96052
37 980	9,96011
37 990	9,95949
38 000	9,95973
38 010	9,95997
38 020	9,96033
38 030	9,95922
38 040	9,95922
38 050	9,96003
38 060	9,95976
38 070	9,96025
38 080	9,96192
38 090	9,96193
38 100	9,95967
38 110	9,9588
38 120	9,95892
38 130	9,9606
38 140	9,96087
38 150	9,96
38 160	9,9595
38 170	9,96044
38 180	9,95992
38 190	9,96029
38 200	9,961
38 210	9,96082
38 220	9,95999
38 230	9,95981
38 240	9,9591
38 250	9,95928
38 260	9,95961
38 270	9,95962
38 280	9,96048
38 290	9,9613
38 300	9,96073
38 310	9,96008
38 320	9,95971
38 330	9,95912
38 340	9,96035
38 350	9,96155
38 360	9,96045
38 370	9,95878
38 380	9,95871
38 390	9,96021
38 400	9,96229
38 410	9,96187
38 420	9,95974
38 430	9,95975
38 440	9,96131
38 450	9,96069
38 460	9,95938
38 470	9,95872
38 480	9,95989
38 490	9,96168
38 500	9,96146
38 510	9,95936
38 520	9,95939
38 530	9,96038
38 540	9,96107
38 550	9,96133
38 560	9,96059
38 570	9,95894
38 580	9,95901
38 590	9,95957
38 600	9,96029
38 610	9,96096
38 620	9,96083
38 630	9,96042
38 640	9,96092
38 650	9,96052
38 660	9,95976
38 670	9,96044
38 680	9,96051
38 690	9,96022
38 700	9,96028
38 710	9,96048
38 720	9,95993
38 730	9,96022
38 740	9,96056
38 750	9,9617
38 760	9,96223
38 770	9,96065
38 780	9,95897
38 790	9,95972
38 800	9,96022
38 810	9,96028
38 820	9,96065
38 830	9,96069
38 840	9,9604
38 850	9,96023
38 860	9,96022
38 870	9,96075
38 880	9,96171
38 890	9,96039
38 900	9,95978
38 910	9,96005
38 920	9,96021
38 930	9,95981
38 940	9,96033
38 950	9,96043
38 960	9,96139
38 970	9,9621
38 980	9,96097
38 990	9,95953
39 000	9,95964
39 010	9,96063
39 020	9,9618
39 030	9,9616
39 040	9,95921
39 050	9,95911
39 060	9,96097
39 070	9,96205
39 080	9,96117
39 090	9,96077
39 100	9,96033
39 110	9,96143
39 120	9,96086
39 130	9,95934
39 140	9,9591
39 150	9,96088
39 160	9,96147
39 170	9,96118
39 180	9,96058
39 190	9,95979
39 200	9,96074
39 210	9,96123
39 220	9,96103
39 230	9,96075
39 240	9,96074
39 250	9,9595
39 260	9,96005
39 270	9,96032
39 280	9,96113
39 290	9,96131
39 300	9,96182
39 310	9,96058
39 320	9,96098
39 330	9,96071
39 340	9,96058
39 350	9,96059
39 360	9,96088
39 370	9,96074
39 380	9,96119
39 390	9,96079
39 400	9,95983
39 410	9,96091
39 420	9,96184
39 430	9,9619
39 440	9,96085
39 450	9,96044
39 460	9,9596
39 470	9,96062
39 480	9,96027
39 490	9,96091
39 500	9,96143
39 510	9,9616
39 520	9,96
39 530	9,96065
39 540	9,96104
39 550	9,96148
39 560	9,96113
39 570	9,96055
39 580	9,96032
39 590	9,96102
39 600	9,96069
39 610	9,96006
39 620	9,961
39 630	9,96176
39 640	9,96219
39 650	9,96175
39 660	9,96026
39 670	9,95954
39 680	9,96119
39 690	9,96187
39 700	9,96153
39 710	9,96039
39 720	9,96017
39 730	9,96085
39 740	9,9619
39 750	9,96105
39 760	9,96075
39 770	9,96169
39 780	9,96149
39 790	9,96061
39 800	9,96
39 810	9,96015
39 820	9,9609
39 830	9,96184
39 840	9,96123
39 850	9,9612
39 860	9,96118
39 870	9,96066
39 880	9,96058
39 890	9,96153
39 900	9,96161
39 910	9,96129
39 920	9,96089
39 930	9,96
39 940	9,96069
39 950	9,96155
39 960	9,96188
39 970	9,9617
39 980	9,96187
39 990	9,96072
40 000	9,96109
40 010	9,96086
40 020	9,96088
40 030	9,96095
40 040	9,96196
40 050	9,96116
40 060	9,96093
40 070	9,96067
40 080	9,96093
40 090	9,96177
40 100	9,96191
40 110	9,96107
40 120	9,96121
40 130	9,96125
40 140	9,96007
40 150	9,9604
40 160	9,96142
40 170	9,96231
40 180	9,96176
40 190	9,96108
40 200	9,96015
40 210	9,96169
40 220	9,96171
40 230	9,96126
40 240	9,96099
40 250	9,96167
40 260	9,961
40 270	9,96128
40 280	9,96074
40 290	9,96098
40 300	9,96198
40 310	9,96259
40 320	9,96154
40 330	9,96104
40 340	9,96055
40 350	9,96082
40 360	9,96195
40 370	9,96173
40 380	9,96099
40 390	9,96141
40 400	9,96174
40 410	9,96091
40 420	9,96115
40 430	9,96132
40 440	9,96208
40 450	9,96213
40 460	9,96111
40 470	9,96019
40 480	9,96128
40 490	9,9616
40 500	9,96134
40 510	9,96175
40 520	9,96195
40 530	9,96159
40 540	9,96136
40 550	9,96073
40 560	9,96113
40 570	9,96226
40 580	9,96196
40 590	9,96134
40 600	9,96119
40 610	9,96101
40 620	9,96105
40 630	9,96207
40 640	9,96208
40 650	9,96182
40 660	9,96193
40 670	9,96111
40 680	9,96099
40 690	9,96139
40 700	9,9616
40 710	9,96176
40 720	9,96217
40 730	9,96124
40 740	9,96121
40 750	9,96161
40 760	9,96148
40 770	9,96133
40 780	9,96227
40 790	9,96208
40 800	9,96174
40 810	9,9608
40 820	9,96044
40 830	9,96166
40 840	9,9631
40 850	9,96194
40 860	9,96118
40 870	9,96139
40 880	9,96156
40 890	9,96172
40 900	9,9616
40 910	9,96146
40 920	9,96207
40 930	9,96247
40 940	9,96115
40 950	9,961
40 960	9,96154
40 970	9,96213
40 980	9,9625
40 990	9,96236
41 000	9,96112
41 010	9,96144
41 020	9,96161
41 030	9,96154
41 040	9,96154
41 050	9,96228
41 060	9,96192
41 070	9,96223
41 080	9,96127
41 090	9,96087
41 100	9,96183
41 110	9,96303
41 120	9,96204
41 130	9,9616
41 140	9,96127
41 150	9,96146
41 160	9,96204
41 170	9,96178
41 180	9,96153
41 190	9,96241
41 200	9,96262
41 210	9,96138
41 220	9,96135
41 230	9,9614
41 240	9,96197
41 250	9,96237
41 260	9,96241
41 270	9,96133
41 280	9,96197
41 290	9,96133
41 300	9,96159
41 310	9,96225
41 320	9,96278
41 330	9,96193
41 340	9,96192
41 350	9,96127
41 360	9,96145
41 370	9,96222
41 380	9,96231
41 390	9,96192
41 400	9,96237
41 410	9,96203
41 420	9,96163
41 430	9,96195
41 440	9,96163
41 450	9,96214
41 460	9,9628
41 470	9,96233
41 480	9,96112
41 490	9,96155
41 500	9,96171
41 510	9,96244
41 520	9,96263
41 530	9,96207
41 540	9,96177
41 550	9,96258
41 560	9,96159
41 570	9,96135
41 580	9,96214
41 590	9,96288
41 600	9,96246
41 610	9,96196
41 620	9,96106
41 630	9,96191
41 640	9,96289
41 650	9,9623
41 660	9,96199
41 670	9,96249
41 680	9,9622
41 690	9,96166
41 700	9,96178
41 710	9,96172
41 720	9,96258
41 730	9,96307
41 740	9,96211
41 750	9,96175
41 760	9,96189
41 770	9,96185
41 780	9,96251
41 790	9,96291
41 800	9,96207
41 810	9,96192
41 820	9,96214
41 830	9,96173
41 840	9,96184
41 850	9,96265
41 860	9,96258
41 870	9,96285
41 880	9,96202
41 890	9,96129
41 900	9,96206
41 910	9,96285
41 920	9,96221
41 930	9,96211
41 940	9,96271
41 950	9,96224
41 960	9,96213
41 970	9,96164
41 980	9,96216
41 990	9,96308
42 000	9,96319
42 010	9,96174
42 020	9,96211
42 030	9,96205
42 040	9,96207
42 050	9,96226
42 060	9,96301
42 070	9,96253
42 080	9,96268
42 090	9,96183
42 100	9,96173
42 110	9,96239
42 120	9,96287
42 130	9,96247
42 140	9,9626
42 150	9,96213
42 160	9,96173
42 170	9,96265
42 180	9,96256
42 190	9,96224
42 200	9,96252
42 210	9,96314
42 220	9,96267
42 230	9,96223
42 240	9,96117
42 250	9,96218
42 260	9,96361
42 270	9,96346
42 280	9,96166
42 290	9,96208
42 300	9,96222
42 310	9,96277
42 320	9,96271
42 330	9,96261
42 340	9,96252
42 350	9,96301
42 360	9,96209
42 370	9,9619
42 380	9,96257
42 390	9,96268
42 400	9,96262
42 410	9,96304
42 420	9,96261
42 430	9,96219
42 440	9,96235
42 450	9,96213
42 460	9,96261
42 470	9,96324
42 480	9,9628
42 490	9,96233
42 500	9,96219
42 510	9,96185
42 520	9,96272
42 530	9,96374
42 540	9,96299
42 550	9,96212
42 560	9,96229
42 570	9,96255
42 580	9,96274
42 590	9,96263
42 600	9,96222
42 610	9,96323
42 620	9,96353
42 630	9,96225
42 640	9,96192
42 650	9,96276
42 660	9,96307
42 670	9,96295
42 680	9,96311
42 690	9,9625
42 700	9,96254
42 710	9,96214
42 720	9,96219
42 730	9,96313
42 740	9,96398
42 750	9,96264
42 760	9,96234
42 770	9,96216
42 780	9,96256
42 790	9,96295
42 800	9,96341
42 810	9,96244
42 820	9,96266
42 830	9,96274
42 840	9,96279
42 850	9,96273
42 860	9,9625
42 870	9,96254
42 880	9,96393
42 890	9,96368
42 900	9,9619
42 910	9,96175
42 920	9,96286
42 930	9,96358
42 940	9,96343
42 950	9,96291
42 960	9,96248
42 970	9,96312
42 980	9,96256
42 990	9,96243
43 000	9,96322
43 010	9,96376
43 020	9,9627
43 030	9,96261
43 040	9,96232
43 050	9,96277
43 060	9,96309
43 070	9,96323
43 080	9,96288
43 090	9,9634
43 100	9,96278
43 110	9,96254
43 120	9,96255
43 130	9,96279
43 140	9,96298
43 150	9,96396
43 160	9,96317
43 170	9,96218
43 180	9,96247
43 190	9,96311
43 200	9,9637
43 210	9,96362
43 220	9,96298
43 230	9,96278
43 240	9,9633
43 250	9,96257
43 260	9,96255
43 270	9,96346
43 280	9,96379
43 290	9,96313
43 300	9,96291
43 310	9,96257
43 320	9,96312
43 330	9,96327
43 340	9,96277
43 350	9,96302
43 360	9,96383
43 370	9,96303
43 380	9,9622
43 390	9,96239
43 400	9,9631
43 410	9,96396
43 420	9,96398
43 430	9,96276
43 440	9,96251
43 450	9,96292
43 460	9,963
43 470	9,9634
43 480	9,96365
43 490	9,96305
43 500	9,96319
43 510	9,96332
43 520	9,96292
43 530	9,96289
43 540	9,96353
43 550	9,96363
43 560	9,96376
43 570	9,96311
43 580	9,96238
43 590	9,96298
43 600	9,96343
43 610	9,963
43 620	9,96363
43 630	9,96412
43 640	9,96335
43 650	9,9624
43 660	9,96238
43 670	9,96333
43 680	9,96443
43 690	9,96369
43 700	9,96232
43 710	9,96275
43 720	9,96345
43 730	9,96328
43 740	9,96341
43 750	9,96366
43 760	9,96354
43 770	9,96378
43 780	9,96307
43 790	9,96261
43 800	9,96299
43 810	9,96356
43 820	9,96372
43 830	9,96426
43 840	9,96337
43 850	9,96263
43 860	9,96298
43 870	9,96376
43 880	9,96367
43 890	9,9642
43 900	9,9634
43 910	9,96283
43 920	9,96264
43 930	9,96303
43 940	9,96362
43 950	9,96445
43 960	9,96357
43 970	9,9628
43 980	9,96358
43 990	9,96369
44 000	9,96308
44 010	9,96284
44 020	9,96337
44 030	9,96422
44 040	9,96454
44 050	9,96243
44 060	9,96213
44 070	9,96353
44 080	9,96481
44 090	9,96419
44 100	9,96382
44 110	9,96285
44 120	9,96312
44 130	9,96335
44 140	9,9635
44 150	9,96373
44 160	9,96428
44 170	9,96352
44 180	9,96345
44 190	9,96363
44 200	9,96328
44 210	9,9634
44 220	9,96401
44 230	9,96385
44 240	9,9636
44 250	9,96345
44 260	9,96281
44 270	9,9631
44 280	9,96352
44 290	9,96417
44 300	9,96464
44 310	9,9643
44 320	9,96226
44 330	9,96255
44 340	9,96403
44 350	9,96446
44 360	9,96381
44 370	9,96334
44 380	9,96329
44 390	9,96404
44 400	9,9638
44 410	9,96325
44 420	9,9641
44 430	9,96481
44 440	9,96401
44 450	9,96337
44 460	9,96336
44 470	9,96306
44 480	9,96376
44 490	9,96404
44 500	9,9643
44 510	9,96446
44 520	9,96367
44 530	9,96275
44 540	9,9634
44 550	9,96425
44 560	9,96433
44 570	9,96433
44 580	9,96326
44 590	9,96253
44 600	9,96332
44 610	9,96434
44 620	9,96411
44 630	9,96413
44 640	9,96368
44 650	9,9641
44 660	9,96429
44 670	9,96324
44 680	9,96247
44 690	9,96416
44 700	9,96514
44 710	9,9644
44 720	9,96338
44 730	9,96296
44 740	9,96384
44 750	9,96495
44 760	9,96463
44 770	9,96391
44 780	9,96433
44 790	9,96346
44 800	9,96315
44 810	9,96343
44 820	9,96426
44 830	9,96433
44 840	9,96471
44 850	9,96371
44 860	9,96365
44 870	9,96382
44 880	9,96383
44 890	9,9636
44 900	9,96434
44 910	9,96383
44 920	9,96378
44 930	9,96366
44 940	9,96317
44 950	9,96354
44 960	9,96494
44 970	9,96521
44 980	9,96455
44 990	9,96375
45 000	9,96287
45 010	9,96379
45 020	9,96457
45 030	9,96438
45 040	9,96407
45 050	9,96464
45 060	9,96391
45 070	9,96394
45 080	9,96415
45 090	9,9645
45 100	9,96469
45 110	9,96466
45 120	9,96344
45 130	9,96374
45 140	9,96377
45 150	9,9633
45 160	9,9636
45 170	9,96505
45 180	9,96517
45 190	9,96446
45 200	9,96326
45 210	9,96282
45 220	9,96434
45 230	9,96525
45 240	9,9642
45 250	9,96344
45 260	9,96349
45 270	9,96379
45 280	9,96462
45 290	9,96462
45 300	9,96427
45 310	9,96483
45 320	9,96542
45 330	9,96442
45 340	9,96343
45 350	9,96309
45 360	9,96401
45 370	9,96561
45 380	9,96507
45 390	9,96365
45 400	9,96385
45 410	9,96471
45 420	9,96448
45 430	9,9645
45 440	9,96459
45 450	9,96463
45 460	9,96422
45 470	9,96303
45 480	9,96278
45 490	9,9644
45 500	9,96523
45 510	9,96462
45 520	9,96462
45 530	9,96421
45 540	9,9641
45 550	9,96418
45 560	9,96409
45 570	9,96393
45 580	9,9648
45 590	9,9645
45 600	9,96414
45 610	9,96387
45 620	9,96405
45 630	9,96474
45 640	9,96627
45 650	9,96544
45 660	9,96434
45 670	9,96376
45 680	9,96369
45 690	9,96406
45 700	9,96493
45 710	9,96479
45 720	9,96468
45 730	9,96452
45 740	9,96409
45 750	9,96444
45 760	9,96515
45 770	9,96461
45 780	9,96401
45 790	9,96458
45 800	9,96424
45 810	9,96399
45 820	9,96321
45 830	9,96363
45 840	9,96513
45 850	9,96676
45 860	9,96482
45 870	9,96352
45 880	9,96348
45 890	9,96485
45 900	9,96512
45 910	9,96494
45 920	9,96371
45 930	9,96447
45 940	9,96503
45 950	9,96462
45 960	9,96443
45 970	9,96528
45 980	9,96538
45 990	9,96568
46 000	9,96492
46 010	9,96348
46 020	9,96351
46 030	9,9644
46 040	9,96512
46 050	9,9651
46 060	9,96492
46 070	9,9642
46 080	9,96492
46 090	9,96461
46 100	9,96413
46 110	9,96486
46 120	9,96568
46 130	9,96425
46 140	9,96337
46 150	9,96346
46 160	9,96472
46 170	9,9655
46 180	9,96528
46 190	9,96466
46 200	9,96553
46 210	9,96521
46 220	9,96409
46 230	9,96414
46 240	9,96483
46 250	9,96498
46 260	9,96534
46 270	9,96489
46 280	9,96429
46 290	9,96455
46 300	9,96506
46 310	9,96561
46 320	9,96617
46 330	9,96511
46 340	9,96394
46 350	9,96385
46 360	9,9642
46 370	9,96446
46 380	9,96551
46 390	9,96521
46 400	9,96452
46 410	9,96462
46 420	9,96502
46 430	9,96485
46 440	9,96485
46 450	9,96439
46 460	9,96495
46 470	9,96544
46 480	9,96441
46 490	9,96325
46 500	9,96429
46 510	9,9659
46 520	9,9665
46 530	9,96593
46 540	9,96427
46 550	9,96424
46 560	9,9653
46 570	9,96525
46 580	9,96454
46 590	9,965
46 600	9,96522
46 610	9,96547
46 620	9,96475
46 630	9,96439
46 640	9,96496
46 650	9,96646
46 660	9,96553
46 670	9,96481
46 680	9,96426
46 690	9,96416
46 700	9,9642
46 710	9,96507
46 720	9,96497
46 730	9,9656
46 740	9,96564
46 750	9,96508
46 760	9,96428
46 770	9,96457
46 780	9,96509
46 790	9,96607
46 800	9,96557
46 810	9,96385
46 820	9,96408
46 830	9,96533
46 840	9,96563
46 850	9,96533
46 860	9,96594
46 870	9,96582
46 880	9,96575
46 890	9,96447
46 900	9,96433
46 910	9,96489
46 920	9,96577
46 930	9,96502
46 940	9,96568
46 950	9,96527
46 960	9,96464
46 970	9,96451
46 980	9,96585
46 990	9,96594
47 000	9,96595
47 010	9,96463
47 020	9,96402
47 030	9,9642
47 040	9,96497
47 050	9,96519
47 060	9,96593
47 070	9,9655
47 080	9,9649
47 090	9,9656
47 100	9,96547
47 110	9,96462
47 120	9,96475
47 130	9,96601
47 140	9,96598
47 150	9,96517
47 160	9,96386
47 170	9,96464
47 180	9,96649
47 190	9,96674
47 200	9,9655
47 210	9,96563
47 220	9,96542
47 230	9,96491
47 240	9,96471
47 250	9,96491
47 260	9,96541
47 270	9,96621
47 280	9,96555
47 290	9,96454
47 300	9,96492
47 310	9,9655
47 320	9,96605
47 330	9,96598
47 340	9,96497
47 350	9,96471
47 360	9,96518
47 370	9,965
47 380	9,96427
47 390	9,96542
47 400	9,9661
47 410	9,96671
47 420	9,96577
47 430	9,96465
47 440	9,96443
47 450	9,96616
47 460	9,96618
47 470	9,96574
47 480	9,96497
47 490	9,96499
47 500	9,96525
47 510	9,96606
47 520	9,96558
47 530	9,96597
47 540	9,96667
47 550	9,96585
47 560	9,96495
47 570	9,96486
47 580	9,96514
47 590	9,96514
47 600	9,96586
47 610	9,96566
47 620	9,96613
47 630	9,96535
47 640	9,96476
47 650	9,96503
47 660	9,96679
47 670	9,96598
47 680	9,96554
47 690	9,96462
47 700	9,96483
47 710	9,96496
47 720	9,966
47 730	9,96578
47 740	9,96638
47 750	9,96615
47 760	9,96581
47 770	9,96556
47 780	9,96532
47 790	9,96512
47 800	9,96604
47 810	9,96665
47 820	9,9653
47 830	9,96499
47 840	9,96546
47 850	9,9662
47 860	9,96609
47 870	9,96615
47 880	9,96593
47 890	9,96663
47 900	9,96525
47 910	9,96417
47 920	9,96467
47 930	9,96657
47 940	9,96639
47 950	9,96594
47 960	9,96504
47 970	9,9652
47 980	9,9662
47 990	9,96623
48 000	9,96551
48 010	9,96559
48 020	9,96591
48 030	9,96568
48 040	9,96542
48 050	9,96482
48 060	9,96529
48 070	9,96694
48 080	9,96731
48 090	9,96612
48 100	9,96547
48 110	9,96524
48 120	9,96565
48 130	9,96636
48 140	9,96618
48 150	9,96574
48 160	9,96574
48 170	9,96568
48 180	9,9655
48 190	9,9663
48 200	9,96629
48 210	9,96662
48 220	9,96632
48 230	9,96555
48 240	9,96493
48 250	9,96558
48 260	9,96538
48 270	9,96547
48 280	9,96652
48 290	9,96666
48 300	9,96595
48 310	9,96517
48 320	9,96541
48 330	9,9664
48 340	9,96711
48 350	9,96567
48 360	9,96537
48 370	9,96571
48 380	9,96582
48 390	9,9653
48 400	9,96653
48 410	9,96674
48 420	9,96725
48 430	9,96631
48 440	9,96567
48 450	9,96543
48 460	9,96624
48 470	9,96602
48 480	9,96634
48 490	9,9661
48 500	9,96562
48 510	9,96593
48 520	9,96646
48 530	9,96582
48 540	9,9659
48 550	9,967
48 560	9,96695
48 570	9,96568
48 580	9,96425
48 590	9,96472
48 600	9,96661
48 610	9,96746
48 620	9,96577
48 630	9,96569
48 640	9,96626
48 650	9,96669
48 660	9,96612
48 670	9,96612
48 680	9,96588
48 690	9,96667
48 700	9,96645
48 710	9,96566
48 720	9,96542
48 730	9,96619
48 740	9,96662
48 750	9,96764
48 760	9,96699
48 770	9,9661
48 780	9,96577
48 790	9,96596
48 800	9,96564
48 810	9,96628
48 820	9,96663
48 830	9,96635
48 840	9,96605
48 850	9,96566
48 860	9,9659
48 870	9,96694
48 880	9,96689
48 890	9,96617
48 900	9,96612
48 910	9,96587
48 920	9,9655
48 930	9,96552
48 940	9,96606
48 950	9,96656
48 960	9,96752
48 970	9,96665
48 980	9,9661
48 990	9,9661
49 000	9,96663
49 010	9,96633
49 020	9,9668
49 030	9,96642
49 040	9,96646
49 050	9,96591
49 060	9,96564
49 070	9,96614
49 080	9,96797
49 090	9,96774
49 100	9,96663
49 110	9,9657
49 120	9,96587
49 130	9,96626
49 140	9,96663
49 150	9,96576
49 160	9,96577
49 170	9,96676
49 180	9,9669
49 190	9,96638
49 200	9,96576
49 210	9,96593
49 220	9,96731
49 230	9,968
49 240	9,96611
49 250	9,96463
49 260	9,96534
49 270	9,9667
49 280	9,96735
49 290	9,96717
49 300	9,96658
49 310	9,96714
49 320	9,96702
49 330	9,96623
49 340	9,96639
49 350	9,96706
49 360	9,96667
49 370	9,96636
49 380	9,96631
49 390	9,96621
49 400	9,96655
49 410	9,96703
49 420	9,96695
49 430	9,96748
49 440	9,96714
49 450	9,96641
49 460	9,96545
49 470	9,96553
49 480	9,96552
49 490	9,96736
49 500	9,9673
49 510	9,9664
49 520	9,96566
49 530	9,96677
49 540	9,96714
49 550	9,9676
49 560	9,96666
49 570	9,96641
49 580	9,9663
49 590	9,96638
49 600	9,96571
49 610	9,9669
49 620	9,96731
49 630	9,96736
49 640	9,96772
49 650	9,96758
49 660	9,96706
49 670	9,96621
49 680	9,9661
49 690	9,96633
49 700	9,96788
49 710	9,96703
49 720	9,96585
49 730	9,96525
49 740	9,96682
49 750	9,96782
49 760	9,9687
49 770	9,96645
49 780	9,9657
49 790	9,96594
49 800	9,96704
49 810	9,96601
49 820	9,96592
49 830	9,9659
49 840	9,96755
49 850	9,96831
49 860	9,96712
49 870	9,96588
49 880	9,96665
49 890	9,96793
49 900	9,96803
49 910	9,96728
49 920	9,96553
49 930	9,96576
49 940	9,96692
49 950	9,96758
49 960	9,96763
49 970	9,96811
49 980	9,96757
49 990	9,96713
50 000	9,96664
50 010	9,96649
50 020	9,96669
50 030	9,96695
50 040	9,96608
50 050	9,96623
50 060	9,96708
50 070	9,96682
50 080	9,96667
50 090	9,96694
50 100	9,96771
50 110	9,96799
50 120	9,96717
50 130	9,96547
50 140	9,9652
50 150	9,96654
50 160	9,96737
50 170	9,96812
50 180	9,96753
50 190	9,96687
50 200	9,96709
50 210	9,96818
50 220	9,96781
50 230	9,96774
50 240	9,9668
50 250	9,96664
50 260	9,96642
50 270	9,96705
50 280	9,96646
50 290	9,96757
50 300	9,96747
50 310	9,96796
50 320	9,96816
50 330	9,96786
50 340	9,96565
50 350	9,96523
50 360	9,96661
50 370	9,96789
50 380	9,96782
50 390	9,96556
50 400	9,96536
50 410	9,96741
50 420	9,96942
50 430	9,96796
50 440	9,96701
50 450	9,96637
