-1	-0.67047	4.37327
-1	0.67047	4.37327
-0.979798	-0.699867	4.37327
-0.979798	0.699867	4.37327
-0.959596	-0.727282	4.37327
-0.959596	0.727282	4.37327
-0.939394	-0.752946	4.37327
-0.939394	0.752946	4.37327
-0.919192	-0.777056	4.37327
-0.919192	0.777056	4.37327
-0.89899	-0.799805	4.37327
-0.89899	0.799805	4.37327
-0.878788	-0.82131	4.37327
-0.878788	0.82131	4.37327
-0.858586	-0.841676	4.37327
-0.858586	0.841676	4.37327
-0.838384	-0.861	4.37327
-0.838384	0.861	4.37327
-0.818182	-0.879358	4.37327
-0.818182	0.879358	4.37327
-0.79798	-0.896868	4.37327
-0.79798	0.896868	4.37327
-0.777778	-0.91357	4.37327
-0.777778	0.91357	4.37327
-0.757576	-0.929497	4.37327
-0.757576	0.929497	4.37327
-0.737374	-0.944682	4.37327
-0.737374	0.944682	4.37327
-0.717172	-0.959165	4.37327
-0.717172	0.959165	4.37327
-0.69697	-0.973118	4.37327
-0.69697	0.973118	4.37327
-0.676768	-0.986419	4.37327
-0.676768	0.986419	4.37327
-0.656566	-0.999103	4.37327
-0.656566	0.999103	4.37327
0.676768	-0.988743	4.37327
0.676768	0.988743	4.37327
0.69697	-0.973695	4.37327
0.69697	0.973695	4.37327
0.717172	-0.957946	4.37327
0.717172	0.957946	4.37327
0.737374	-0.941523	4.37327
0.737374	0.941523	4.37327
0.757576	-0.924379	4.37327
0.757576	0.924379	4.37327
0.777778	-0.906462	4.37327
0.777778	0.906462	4.37327
0.79798	-0.887746	4.37327
0.79798	0.887746	4.37327
0.818182	-0.868197	4.37327
0.818182	0.868197	4.37327
0.838384	-0.847778	4.37327
0.838384	0.847778	4.37327
0.858586	-0.826444	4.37327
0.858586	0.826444	4.37327
0.878788	-0.80414	4.37327
0.878788	0.80414	4.37327
0.89899	-0.780803	4.37327
0.89899	0.780803	4.37327
0.919192	-0.75637	4.37327
0.919192	0.75637	4.37327
0.939394	-0.73077	4.37327
0.939394	0.73077	4.37327
0.959596	-0.703869	4.37327
0.959596	0.703869	4.37327
0.979798	-0.675547	4.37327
0.979798	0.675547	4.37327
1	-0.645666	4.37327
1	0.645666	4.37327

-0.655084	-1	4.37327
0.660958	-1	4.37327
-0.68683	-0.979798	4.37327
0.688839	-0.979798	4.37327
-0.716549	-0.959596	4.37327
0.715084	-0.959596	4.37327
-0.744444	-0.939394	4.37327
0.739922	-0.939394	4.37327
-0.770695	-0.919192	4.37327
0.763506	-0.919192	4.37327
-0.795442	-0.89899	4.37327
0.785946	-0.89899	4.37327
-0.818821	-0.878788	4.37327
0.807351	-0.878788	4.37327
-0.840955	-0.858586	4.37327
0.827814	-0.858586	4.37327
-0.86192	-0.838384	4.37327
0.847408	-0.838384	4.37327
-0.881798	-0.818182	4.37327
0.866198	-0.818182	4.37327
-0.900658	-0.79798	4.37327
0.884234	-0.79798	4.37327
-0.918571	-0.777778	4.37327
0.901557	-0.777778	4.37327
-0.935631	-0.757576	4.37327
0.918223	-0.757576	4.37327
-0.951849	-0.737374	4.37327
0.934308	-0.737374	4.37327
-0.967257	-0.717172	4.37327
0.949779	-0.717172	4.37327
-0.981877	-0.69697	4.37327
0.964652	-0.69697	4.37327
-0.995842	-0.676768	4.37327
0.978957	-0.676768	4.37327
0.992814	-0.656566	4.37327
0.992814	0.656566	4.37327
-0.995842	0.676768	4.37327
0.978957	0.676768	4.37327
-0.981877	0.69697	4.37327
0.964652	0.69697	4.37327
-0.967257	0.717172	4.37327
0.949779	0.717172	4.37327
-0.951849	0.737374	4.37327
0.934308	0.737374	4.37327
-0.935631	0.757576	4.37327
0.918223	0.757576	4.37327
-0.918571	0.777778	4.37327
0.901557	0.777778	4.37327
-0.900658	0.79798	4.37327
0.884234	0.79798	4.37327
-0.881798	0.818182	4.37327
0.866198	0.818182	4.37327
-0.86192	0.838384	4.37327
0.847408	0.838384	4.37327
-0.840955	0.858586	4.37327
0.827814	0.858586	4.37327
-0.818821	0.878788	4.37327
0.807351	0.878788	4.37327
-0.795442	0.89899	4.37327
0.785946	0.89899	4.37327
-0.770695	0.919192	4.37327
0.763506	0.919192	4.37327
-0.744444	0.939394	4.37327
0.739922	0.939394	4.37327
-0.716549	0.959596	4.37327
0.715084	0.959596	4.37327
-0.68683	0.979798	4.37327
0.688839	0.979798	4.37327
-0.655084	1	4.37327
0.660958	1	4.37327


-0.737374	-0.252902	7.25142
-0.737374	0.252902	7.25142
-0.717172	-0.35164	7.25142
-0.717172	0.35164	7.25142
-0.69697	-0.404279	7.25142
-0.69697	0.404279	7.25142
-0.676768	-0.443018	7.25142
-0.676768	0.443018	7.25142
-0.656566	-0.47405	7.25142
-0.656566	0.47405	7.25142
-0.636364	-0.500014	7.25142
-0.636364	0.500014	7.25142
-0.616162	-0.522294	7.25142
-0.616162	0.522294	7.25142
-0.59596	-0.541693	7.25142
-0.59596	0.541693	7.25142
-0.575758	-0.558731	7.25142
-0.575758	0.558731	7.25142
-0.555556	-0.573862	7.25142
-0.555556	0.573862	7.25142
-0.535354	-0.587517	7.25142
-0.535354	0.587517	7.25142
-0.515152	-0.59957	7.25142
-0.515152	0.59957	7.25142
-0.494949	-0.610542	7.25142
-0.494949	0.610542	7.25142
-0.474747	-0.620367	7.25142
-0.474747	0.620367	7.25142
-0.454545	-0.629375	7.25142
-0.454545	0.629375	7.25142
-0.434343	-0.637378	7.25142
-0.434343	0.637378	7.25142
-0.414141	-0.645033	7.25142
-0.414141	0.645033	7.25142
-0.393939	-0.651922	7.25142
-0.393939	0.651922	7.25142
-0.373737	-0.658347	7.25142
-0.373737	0.658347	7.25142
-0.353535	-0.664639	7.25142
-0.353535	0.664639	7.25142
-0.333333	-0.670589	7.25142
-0.333333	0.670589	7.25142
-0.313131	-0.67634	7.25142
-0.313131	0.67634	7.25142
-0.292929	-0.68231	7.25142
-0.292929	0.68231	7.25142
-0.272727	-0.6883	7.25142
-0.272727	0.6883	7.25142
-0.252525	-0.694386	7.25142
-0.252525	0.694386	7.25142
-0.232323	-0.70078	7.25142
-0.232323	0.70078	7.25142
-0.212121	-0.707449	7.25142
-0.212121	0.707449	7.25142
-0.191919	-0.71429	7.25142
-0.191919	0.71429	7.25142
-0.171717	-0.721402	7.25142
-0.171717	0.721402	7.25142
-0.151515	-0.728663	7.25142
-0.151515	0.728663	7.25142
-0.131313	-0.735882	7.25142
-0.131313	0.735882	7.25142
-0.111111	-0.743148	7.25142
-0.111111	0.743148	7.25142
-0.0909091	-0.750196	7.25142
-0.0909091	0.750196	7.25142
-0.0707071	-0.756847	7.25142
-0.0707071	0.756847	7.25142
-0.0505051	-0.763272	7.25142
-0.0505051	0.763272	7.25142
-0.030303	-0.769151	7.25142
-0.030303	0.769151	7.25142
-0.010101	-0.774368	7.25142
-0.010101	0.774368	7.25142
0.010101	-0.778941	7.25142
0.010101	0.778941	7.25142
0.030303	-0.782981	7.25142
0.030303	0.782981	7.25142
0.0505051	-0.786223	7.25142
0.0505051	0.786223	7.25142
0.0707071	-0.788645	7.25142
0.0707071	0.788645	7.25142
0.0909091	-0.79023	7.25142
0.0909091	0.79023	7.25142
0.111111	-0.790963	7.25142
0.111111	0.790963	7.25142
0.131313	-0.790824	7.25142
0.131313	0.790824	7.25142
0.151515	-0.789782	7.25142
0.151515	0.789782	7.25142
0.171717	-0.787792	7.25142
0.171717	0.787792	7.25142
0.191919	-0.784794	7.25142
0.191919	0.784794	7.25142
0.212121	-0.78071	7.25142
0.212121	0.78071	7.25142
0.232323	-0.775657	7.25142
0.232323	0.775657	7.25142
0.252525	-0.769656	7.25142
0.252525	0.769656	7.25142
0.272727	-0.762308	7.25142
0.272727	0.762308	7.25142
0.292929	-0.753788	7.25142
0.292929	0.753788	7.25142
0.313131	-0.744042	7.25142
0.313131	0.744042	7.25142
0.333333	-0.732843	7.25142
0.333333	0.732843	7.25142
0.353535	-0.720177	7.25142
0.353535	0.720177	7.25142
0.373737	-0.706008	7.25142
0.373737	0.706008	7.25142
0.393939	-0.690054	7.25142
0.393939	0.690054	7.25142
0.414141	-0.67225	7.25142
0.414141	0.67225	7.25142
0.434343	-0.652471	7.25142
0.434343	0.652471	7.25142
0.454545	-0.630584	7.25142
0.454545	0.630584	7.25142
0.474747	-0.606518	7.25142
0.474747	0.606518	7.25142
0.494949	-0.580362	7.25142
0.494949	0.580362	7.25142
0.515152	-0.552377	7.25142
0.515152	0.552377	7.25142
0.535354	-0.523121	7.25142
0.535354	0.523121	7.25142
0.555556	-0.493431	7.25142
0.555556	0.493431	7.25142
0.575758	-0.464125	7.25142
0.575758	0.464125	7.25142
0.59596	-0.435675	7.25142
0.59596	0.435675	7.25142
0.616162	-0.408407	7.25142
0.616162	0.408407	7.25142
0.636364	-0.381959	7.25142
0.636364	0.381959	7.25142
0.656566	-0.355818	7.25142
0.656566	0.355818	7.25142
0.676768	-0.329625	7.25142
0.676768	0.329625	7.25142
0.69697	-0.302596	7.25142
0.69697	0.302596	7.25142
0.717172	-0.273719	7.25142
0.717172	0.273719	7.25142
0.737374	-0.242227	7.25142
0.737374	0.242227	7.25142
0.757576	-0.206047	7.25142
0.757576	0.206047	7.25142
0.777778	-0.161775	7.25142
0.777778	0.161775	7.25142
0.79798	-0.0984625	7.25142
0.79798	0.0984625	7.25142

0.00505485	-0.777778	7.25142
0.223542	-0.777778	7.25142
-0.0684073	-0.757576	7.25142
0.283839	-0.757576	7.25142
-0.127169	-0.737374	7.25142
0.325199	-0.737374	7.25142
-0.183675	-0.717172	7.25142
0.357939	-0.717172	7.25142
-0.24419	-0.69697	7.25142
0.385438	-0.69697	7.25142
-0.311605	-0.676768	7.25142
0.409265	-0.676768	7.25142
-0.379065	-0.656566	7.25142
0.430412	-0.656566	7.25142
-0.436776	-0.636364	7.25142
0.449533	-0.636364	7.25142
-0.483178	-0.616162	7.25142
0.467059	-0.616162	7.25142
-0.521116	-0.59596	7.25142
0.483294	-0.59596	7.25142
-0.552741	-0.575758	7.25142
0.49848	-0.575758	7.25142
-0.57961	-0.555556	7.25142
0.512999	-0.555556	7.25142
-0.602787	-0.535354	7.25142
0.527162	-0.535354	7.25142
-0.622966	-0.515152	7.25142
0.540916	-0.515152	7.25142
-0.64062	-0.494949	7.25142
0.554548	-0.494949	7.25142
-0.656079	-0.474747	7.25142
0.568474	-0.474747	7.25142
-0.669902	-0.454545	7.25142
0.582544	-0.454545	7.25142
-0.681933	-0.434343	7.25142
0.596927	-0.434343	7.25142
-0.692516	-0.414141	7.25142
0.61184	-0.414141	7.25142
-0.701781	-0.393939	7.25142
0.627117	-0.393939	7.25142
-0.709887	-0.373737	7.25142
0.642657	-0.373737	7.25142
-0.716635	-0.353535	7.25142
0.658304	-0.353535	7.25142
-0.722706	-0.333333	7.25142
0.673884	-0.333333	7.25142
-0.727726	-0.313131	7.25142
0.689156	-0.313131	7.25142
-0.731775	-0.292929	7.25142
0.703876	-0.292929	7.25142
-0.734971	-0.272727	7.25142
0.717834	-0.272727	7.25142
-0.737424	-0.252525	7.25142
0.73105	-0.252525	7.25142
-0.73937	-0.232323	7.25142
0.743276	-0.232323	7.25142
-0.740679	-0.212121	7.25142
0.754465	-0.212121	7.25142
-0.741439	-0.191919	7.25142
0.76471	-0.191919	7.25142
-0.741737	-0.171717	7.25142
0.773813	-0.171717	7.25142
-0.741661	-0.151515	7.25142
0.781905	-0.151515	7.25142
-0.741302	-0.131313	7.25142
0.789022	-0.131313	7.25142
-0.740754	-0.111111	7.25142
0.794939	-0.111111	7.25142
-0.740112	-0.0909091	7.25142
0.79988	-0.0909091	7.25142
-0.739466	-0.0707071	7.25142
0.803966	-0.0707071	7.25142
-0.738899	-0.0505051	7.25142
0.806978	-0.0505051	7.25142
-0.738479	-0.030303	7.25142
0.80896	-0.030303	7.25142
-0.738256	-0.010101	7.25142
0.809942	-0.010101	7.25142
-0.738256	0.010101	7.25142
0.809942	0.010101	7.25142
-0.738479	0.030303	7.25142
0.80896	0.030303	7.25142
-0.738899	0.0505051	7.25142
0.806978	0.0505051	7.25142
-0.739466	0.0707071	7.25142
0.803966	0.0707071	7.25142
-0.740112	0.0909091	7.25142
0.79988	0.0909091	7.25142
-0.740754	0.111111	7.25142
0.794939	0.111111	7.25142
-0.741302	0.131313	7.25142
0.789022	0.131313	7.25142
-0.741661	0.151515	7.25142
0.781905	0.151515	7.25142
-0.741737	0.171717	7.25142
0.773813	0.171717	7.25142
-0.741439	0.191919	7.25142
0.76471	0.191919	7.25142
-0.740679	0.212121	7.25142
0.754465	0.212121	7.25142
-0.73937	0.232323	7.25142
0.743276	0.232323	7.25142
-0.737424	0.252525	7.25142
0.73105	0.252525	7.25142
-0.734971	0.272727	7.25142
0.717834	0.272727	7.25142
-0.731775	0.292929	7.25142
0.703876	0.292929	7.25142
-0.727726	0.313131	7.25142
0.689156	0.313131	7.25142
-0.722706	0.333333	7.25142
0.673884	0.333333	7.25142
-0.716635	0.353535	7.25142
0.658304	0.353535	7.25142
-0.709887	0.373737	7.25142
0.642657	0.373737	7.25142
-0.701781	0.393939	7.25142
0.627117	0.393939	7.25142
-0.692516	0.414141	7.25142
0.61184	0.414141	7.25142
-0.681933	0.434343	7.25142
0.596927	0.434343	7.25142
-0.669902	0.454545	7.25142
0.582544	0.454545	7.25142
-0.656079	0.474747	7.25142
0.568474	0.474747	7.25142
-0.64062	0.494949	7.25142
0.554548	0.494949	7.25142
-0.622966	0.515152	7.25142
0.540916	0.515152	7.25142
-0.602787	0.535354	7.25142
0.527162	0.535354	7.25142
-0.57961	0.555556	7.25142
0.512999	0.555556	7.25142
-0.552741	0.575758	7.25142
0.49848	0.575758	7.25142
-0.521116	0.59596	7.25142
0.483294	0.59596	7.25142
-0.483178	0.616162	7.25142
0.467059	0.616162	7.25142
-0.436776	0.636364	7.25142
0.449533	0.636364	7.25142
-0.379065	0.656566	7.25142
0.430412	0.656566	7.25142
-0.311605	0.676768	7.25142
0.409265	0.676768	7.25142
-0.24419	0.69697	7.25142
0.385438	0.69697	7.25142
-0.183675	0.717172	7.25142
0.357939	0.717172	7.25142
-0.127169	0.737374	7.25142
0.325199	0.737374	7.25142
-0.0684073	0.757576	7.25142
0.283839	0.757576	7.25142
0.00505485	0.777778	7.25142
0.223542	0.777778	7.25142


-0.575758	-0.335428	10.1296
-0.575758	-0.209249	10.1296
-0.575758	0.209249	10.1296
-0.575758	0.335428	10.1296
-0.555556	-0.381243	10.1296
-0.555556	-0.157344	10.1296
-0.555556	0.157344	10.1296
-0.555556	0.381243	10.1296
-0.535354	-0.409439	10.1296
-0.535354	-0.121701	10.1296
-0.535354	0.121701	10.1296
-0.535354	0.409439	10.1296
-0.515152	-0.429929	10.1296
-0.515152	-0.0921297	10.1296
-0.515152	0.0921297	10.1296
-0.515152	0.429929	10.1296
-0.494949	-0.445688	10.1296
-0.494949	-0.0625709	10.1296
-0.494949	0.0625709	10.1296
-0.494949	0.445688	10.1296
-0.474747	-0.457651	10.1296
-0.474747	-0.0254535	10.1296
-0.474747	0.0254535	10.1296
-0.474747	0.457651	10.1296
-0.454545	-0.467163	10.1296
-0.454545	0.467163	10.1296
-0.434343	-0.473801	10.1296
-0.434343	0.473801	10.1296
-0.414141	-0.478895	10.1296
-0.414141	0.478895	10.1296
-0.393939	-0.482076	10.1296
-0.393939	0.482076	10.1296
-0.373737	-0.483466	10.1296
-0.373737	0.483466	10.1296
-0.353535	-0.483258	10.1296
-0.353535	0.483258	10.1296
-0.333333	-0.48157	10.1296
-0.333333	0.48157	10.1296
-0.313131	-0.478496	10.1296
-0.313131	0.478496	10.1296
-0.292929	-0.474212	10.1296
-0.292929	0.474212	10.1296
-0.272727	-0.469181	10.1296
-0.272727	0.469181	10.1296
-0.252525	-0.463251	10.1296
-0.252525	0.463251	10.1296
-0.232323	-0.45689	10.1296
-0.232323	0.45689	10.1296
-0.212121	-0.450787	10.1296
-0.212121	0.450787	10.1296
-0.191919	-0.445723	10.1296
-0.191919	0.445723	10.1296
-0.171717	-0.443023	10.1296
-0.171717	0.443023	10.1296
-0.151515	-0.444492	10.1296
-0.151515	0.444492	10.1296
-0.131313	-0.452604	10.1296
-0.131313	-0.0318104	10.1296
-0.131313	0.0318104	10.1296
-0.131313	0.452604	10.1296
-0.111111	-0.468627	10.1296
-0.111111	-0.0714547	10.1296
-0.111111	0.0714547	10.1296
-0.111111	0.468627	10.1296
-0.0909091	-0.492363	10.1296
-0.0909091	-0.0966872	10.1296
-0.0909091	0.0966872	10.1296
-0.0909091	0.492363	10.1296
-0.0707071	-0.519214	10.1296
-0.0707071	-0.115096	10.1296
-0.0707071	0.115096	10.1296
-0.0707071	0.519214	10.1296
-0.0505051	-0.545152	10.1296
-0.0505051	-0.1269	10.1296
-0.0505051	0.1269	10.1296
-0.0505051	0.545152	10.1296
-0.030303	-0.568302	10.1296
-0.030303	-0.133139	10.1296
-0.030303	0.133139	10.1296
-0.030303	0.568302	10.1296
-0.010101	-0.588073	10.1296
-0.010101	-0.134619	10.1296
-0.010101	0.134619	10.1296
-0.010101	0.588073	10.1296
0.010101	-0.604648	10.1296
0.010101	-0.132925	10.1296
0.010101	0.132925	10.1296
0.010101	0.604648	10.1296
0.030303	-0.618203	10.1296
0.030303	-0.128491	10.1296
0.030303	0.128491	10.1296
0.030303	0.618203	10.1296
0.0505051	-0.629349	10.1296
0.0505051	-0.121645	10.1296
0.0505051	0.121645	10.1296
0.0505051	0.629349	10.1296
0.0707071	-0.637809	10.1296
0.0707071	-0.113027	10.1296
0.0707071	0.113027	10.1296
0.0707071	0.637809	10.1296
0.0909091	-0.644509	10.1296
0.0909091	-0.0999274	10.1296
0.0909091	0.0999274	10.1296
0.0909091	0.644509	10.1296
0.111111	-0.648908	10.1296
0.111111	-0.0792527	10.1296
0.111111	0.0792527	10.1296
0.111111	0.648908	10.1296
0.131313	-0.651227	10.1296
0.131313	-0.0155577	10.1296
0.131313	0.0155577	10.1296
0.131313	0.651227	10.1296
0.151515	-0.651612	10.1296
0.151515	0.651612	10.1296
0.171717	-0.650069	10.1296
0.171717	0.650069	10.1296
0.191919	-0.646441	10.1296
0.191919	0.646441	10.1296
0.212121	-0.64041	10.1296
0.212121	0.64041	10.1296
0.232323	-0.632159	10.1296
0.232323	0.632159	10.1296
0.252525	-0.621148	10.1296
0.252525	0.621148	10.1296
0.272727	-0.606878	10.1296
0.272727	0.606878	10.1296
0.292929	-0.58833	10.1296
0.292929	0.58833	10.1296
0.313131	-0.56391	10.1296
0.313131	0.56391	10.1296
0.333333	-0.529689	10.1296
0.333333	0.529689	10.1296
0.353535	-0.470642	10.1296
0.353535	0.470642	10.1296
0.373737	-0.28669	10.1296
0.373737	0.28669	10.1296
0.393939	-0.262046	10.1296
0.393939	0.262046	10.1296
0.414141	-0.249597	10.1296
0.414141	0.249597	10.1296
0.434343	-0.241312	10.1296
0.434343	0.241312	10.1296
0.454545	-0.233839	10.1296
0.454545	0.233839	10.1296
0.474747	-0.227232	10.1296
0.474747	0.227232	10.1296
0.494949	-0.220114	10.1296
0.494949	0.220114	10.1296
0.515152	-0.211719	10.1296
0.515152	0.211719	10.1296
0.535354	-0.202952	10.1296
0.535354	0.202952	10.1296
0.555556	-0.191727	10.1296
0.555556	0.191727	10.1296
0.575758	-0.179232	10.1296
0.575758	0.179232	10.1296
0.59596	-0.163634	10.1296
0.59596	0.163634	10.1296
0.616162	-0.144242	10.1296
0.616162	0.144242	10.1296
0.636364	-0.119161	10.1296
0.636364	0.119161	10.1296
0.656566	-0.083145	10.1296
0.656566	0.083145	10.1296

0.0672344	-0.636364	10.1296
0.221821	-0.636364	10.1296
0.0270115	-0.616162	10.1296
0.259901	-0.616162	10.1296
-0.00121793	-0.59596	10.1296
0.285308	-0.59596	10.1296
-0.0235369	-0.575758	10.1296
0.30439	-0.575758	10.1296
-0.0424151	-0.555556	10.1296
0.319221	-0.555556	10.1296
-0.0590543	-0.535354	10.1296
0.330848	-0.535354	10.1296
-0.0742218	-0.515152	10.1296
0.340335	-0.515152	10.1296
-0.089257	-0.494949	10.1296
0.347591	-0.494949	10.1296
-0.430127	-0.474747	10.1296
-0.295435	-0.474747	10.1296
-0.106214	-0.474747	10.1296
0.352804	-0.474747	10.1296
-0.479951	-0.454545	10.1296
-0.223898	-0.454545	10.1296
-0.128893	-0.454545	10.1296
0.357007	-0.454545	10.1296
-0.509751	-0.434343	10.1296
0.359888	-0.434343	10.1296
-0.531237	-0.414141	10.1296
0.361625	-0.414141	10.1296
-0.547646	-0.393939	10.1296
0.362511	-0.393939	10.1296
-0.560136	-0.373737	10.1296
0.362865	-0.373737	10.1296
-0.56978	-0.353535	10.1296
0.363091	-0.353535	10.1296
-0.57651	-0.333333	10.1296
0.363771	-0.333333	10.1296
-0.581599	-0.313131	10.1296
0.365819	-0.313131	10.1296
-0.584437	-0.292929	10.1296
0.370836	-0.292929	10.1296
-0.585285	-0.272727	10.1296
0.382295	-0.272727	10.1296
-0.584268	-0.252525	10.1296
0.407815	-0.252525	10.1296
-0.581401	-0.232323	10.1296
0.458342	-0.232323	10.1296
-0.576633	-0.212121	10.1296
0.513987	-0.212121	10.1296
-0.570503	-0.191919	10.1296
0.555165	-0.191919	10.1296
-0.562432	-0.171717	10.1296
0.58539	-0.171717	10.1296
-0.552538	-0.151515	10.1296
0.608845	-0.151515	10.1296
-0.541086	-0.131313	10.1296
-0.036982	-0.131313	10.1296
0.0181196	-0.131313	10.1296
0.627298	-0.131313	10.1296
-0.528102	-0.111111	10.1296
-0.075456	-0.111111	10.1296
0.0743776	-0.111111	10.1296
0.641847	-0.111111	10.1296
-0.51416	-0.0909091	10.1296
-0.0959107	-0.0909091	10.1296
0.101471	-0.0909091	10.1296
0.653207	-0.0909091	10.1296
-0.499796	-0.0707071	10.1296
-0.111624	-0.0707071	10.1296
0.116584	-0.0707071	10.1296
0.662004	-0.0707071	10.1296
-0.486392	-0.0505051	10.1296
-0.123144	-0.0505051	10.1296
0.124922	-0.0505051	10.1296
0.668433	-0.0505051	10.1296
-0.476045	-0.030303	10.1296
-0.131916	-0.030303	10.1296
0.129714	-0.030303	10.1296
0.67245	-0.030303	10.1296
-0.469954	-0.010101	10.1296
-0.136156	-0.010101	10.1296
0.131783	-0.010101	10.1296
0.674371	-0.010101	10.1296
-0.469954	0.010101	10.1296
-0.136156	0.010101	10.1296
0.131783	0.010101	10.1296
0.674371	0.010101	10.1296
-0.476045	0.030303	10.1296
-0.131916	0.030303	10.1296
0.129714	0.030303	10.1296
0.67245	0.030303	10.1296
-0.486392	0.0505051	10.1296
-0.123144	0.0505051	10.1296
0.124922	0.0505051	10.1296
0.668433	0.0505051	10.1296
-0.499796	0.0707071	10.1296
-0.111624	0.0707071	10.1296
0.116584	0.0707071	10.1296
0.662004	0.0707071	10.1296
-0.51416	0.0909091	10.1296
-0.0959107	0.0909091	10.1296
0.101471	0.0909091	10.1296
0.653207	0.0909091	10.1296
-0.528102	0.111111	10.1296
-0.075456	0.111111	10.1296
0.0743776	0.111111	10.1296
0.641847	0.111111	10.1296
-0.541086	0.131313	10.1296
-0.036982	0.131313	10.1296
0.0181196	0.131313	10.1296
0.627298	0.131313	10.1296
-0.552538	0.151515	10.1296
0.608845	0.151515	10.1296
-0.562432	0.171717	10.1296
0.58539	0.171717	10.1296
-0.570503	0.191919	10.1296
0.555165	0.191919	10.1296
-0.576633	0.212121	10.1296
0.513987	0.212121	10.1296
-0.581401	0.232323	10.1296
0.458342	0.232323	10.1296
-0.584268	0.252525	10.1296
0.407815	0.252525	10.1296
-0.585285	0.272727	10.1296
0.382295	0.272727	10.1296
-0.584437	0.292929	10.1296
0.370836	0.292929	10.1296
-0.581599	0.313131	10.1296
0.365819	0.313131	10.1296
-0.57651	0.333333	10.1296
0.363771	0.333333	10.1296
-0.56978	0.353535	10.1296
0.363091	0.353535	10.1296
-0.560136	0.373737	10.1296
0.362865	0.373737	10.1296
-0.547646	0.393939	10.1296
0.362511	0.393939	10.1296
-0.531237	0.414141	10.1296
0.361625	0.414141	10.1296
-0.509751	0.434343	10.1296
0.359888	0.434343	10.1296
-0.479951	0.454545	10.1296
-0.223898	0.454545	10.1296
-0.128893	0.454545	10.1296
0.357007	0.454545	10.1296
-0.430127	0.474747	10.1296
-0.295435	0.474747	10.1296
-0.106214	0.474747	10.1296
0.352804	0.474747	10.1296
-0.089257	0.494949	10.1296
0.347591	0.494949	10.1296
-0.0742218	0.515152	10.1296
0.340335	0.515152	10.1296
-0.0590543	0.535354	10.1296
0.330848	0.535354	10.1296
-0.0424151	0.555556	10.1296
0.319221	0.555556	10.1296
-0.0235369	0.575758	10.1296
0.30439	0.575758	10.1296
-0.00121793	0.59596	10.1296
0.285308	0.59596	10.1296
0.0270115	0.616162	10.1296
0.259901	0.616162	10.1296
0.0672344	0.636364	10.1296
0.221821	0.636364	10.1296


-0.515152	-0.318462	13.0077
-0.515152	-0.25636	13.0077
-0.515152	0.25636	13.0077
-0.515152	0.318462	13.0077
-0.494949	-0.361344	13.0077
-0.494949	-0.212816	13.0077
-0.494949	0.212816	13.0077
-0.494949	0.361344	13.0077
-0.474747	-0.382944	13.0077
-0.474747	-0.190601	13.0077
-0.474747	0.190601	13.0077
-0.474747	0.382944	13.0077
-0.454545	-0.396443	13.0077
-0.454545	-0.175887	13.0077
-0.454545	0.175887	13.0077
-0.454545	0.396443	13.0077
-0.434343	-0.405489	13.0077
-0.434343	-0.166369	13.0077
-0.434343	0.166369	13.0077
-0.434343	0.405489	13.0077
-0.414141	-0.410151	13.0077
-0.414141	-0.160686	13.0077
-0.414141	0.160686	13.0077
-0.414141	0.410151	13.0077
-0.393939	-0.411488	13.0077
-0.393939	-0.158748	13.0077
-0.393939	0.158748	13.0077
-0.393939	0.411488	13.0077
-0.373737	-0.409834	13.0077
-0.373737	-0.160141	13.0077
-0.373737	0.160141	13.0077
-0.373737	0.409834	13.0077
-0.353535	-0.404845	13.0077
-0.353535	-0.165181	13.0077
-0.353535	0.165181	13.0077
-0.353535	0.404845	13.0077
-0.333333	-0.395682	13.0077
-0.333333	-0.174294	13.0077
-0.333333	0.174294	13.0077
-0.333333	0.395682	13.0077
-0.313131	-0.382235	13.0077
-0.313131	-0.188056	13.0077
-0.313131	0.188056	13.0077
-0.313131	0.382235	13.0077
-0.292929	-0.361338	13.0077
-0.292929	-0.209345	13.0077
-0.292929	0.209345	13.0077
-0.292929	0.361338	13.0077
-0.272727	-0.322297	13.0077
-0.272727	-0.248768	13.0077
-0.272727	0.248768	13.0077
-0.272727	0.322297	13.0077
0.030303	-0.497968	13.0077
0.030303	-0.423464	13.0077
0.030303	0.423464	13.0077
0.030303	0.497968	13.0077
0.0505051	-0.537838	13.0077
0.0505051	-0.384491	13.0077
0.0505051	0.384491	13.0077
0.0505051	0.537838	13.0077
0.0707071	-0.559333	13.0077
0.0707071	-0.363848	13.0077
0.0707071	0.363848	13.0077
0.0707071	0.559333	13.0077
0.0909091	-0.573281	13.0077
0.0909091	-0.350752	13.0077
0.0909091	0.350752	13.0077
0.0909091	0.573281	13.0077
0.111111	-0.582562	13.0077
0.111111	-0.341833	13.0077
0.111111	0.341833	13.0077
0.111111	0.582562	13.0077
0.131313	-0.587799	13.0077
0.131313	-0.337166	13.0077
0.131313	0.337166	13.0077
0.131313	0.587799	13.0077
0.151515	-0.589437	13.0077
0.151515	-0.335762	13.0077
0.151515	0.335762	13.0077
0.151515	0.589437	13.0077
0.171717	-0.587785	13.0077
0.171717	-0.337324	13.0077
0.171717	0.337324	13.0077
0.171717	0.587785	13.0077
0.191919	-0.582475	13.0077
0.191919	-0.342286	13.0077
0.191919	0.342286	13.0077
0.191919	0.582475	13.0077
0.212121	-0.573015	13.0077
0.212121	-0.351933	13.0077
0.212121	0.351933	13.0077
0.212121	0.573015	13.0077
0.232323	-0.558569	13.0077
0.232323	-0.366058	13.0077
0.232323	0.366058	13.0077
0.232323	0.558569	13.0077
0.252525	-0.535867	13.0077
0.252525	-0.389049	13.0077
0.252525	0.389049	13.0077
0.252525	0.535867	13.0077
0.272727	-0.486544	13.0077
0.272727	-0.437718	13.0077
0.272727	0.437718	13.0077
0.272727	0.486544	13.0077
0.373737	-0.0573975	13.0077
0.373737	0.0573975	13.0077
0.393939	-0.086583	13.0077
0.393939	0.086583	13.0077
0.414141	-0.104052	13.0077
0.414141	0.104052	13.0077
0.434343	-0.115161	13.0077
0.434343	0.115161	13.0077
0.454545	-0.122205	13.0077
0.454545	0.122205	13.0077
0.474747	-0.125407	13.0077
0.474747	0.125407	13.0077
0.494949	-0.125438	13.0077
0.494949	0.125438	13.0077
0.515152	-0.122338	13.0077
0.515152	0.122338	13.0077
0.535354	-0.115458	13.0077
0.535354	0.115458	13.0077
0.555556	-0.104811	13.0077
0.555556	0.104811	13.0077
0.575758	-0.0882659	13.0077
0.575758	0.0882659	13.0077
0.59596	-0.0619571	13.0077
0.59596	0.0619571	13.0077

0.096226	-0.575758	13.0077
0.206225	-0.575758	13.0077
0.0663385	-0.555556	13.0077
0.235636	-0.555556	13.0077
0.0484621	-0.535354	13.0077
0.252921	-0.535354	13.0077
0.0362489	-0.515152	13.0077
0.264763	-0.515152	13.0077
0.0290815	-0.494949	13.0077
0.271425	-0.494949	13.0077
0.0247114	-0.474747	13.0077
0.275008	-0.474747	13.0077
0.0239937	-0.454545	13.0077
0.275333	-0.454545	13.0077
0.0268288	-0.434343	13.0077
0.272266	-0.434343	13.0077
0.0331053	-0.414141	13.0077
0.266342	-0.414141	13.0077
-0.458459	-0.393939	13.0077
-0.330384	-0.393939	13.0077
0.0434877	-0.393939	13.0077
0.255833	-0.393939	13.0077
-0.48457	-0.373737	13.0077
-0.303419	-0.373737	13.0077
0.0599344	-0.373737	13.0077
0.239991	-0.373737	13.0077
-0.500664	-0.353535	13.0077
-0.286713	-0.353535	13.0077
0.0864569	-0.353535	13.0077
0.214465	-0.353535	13.0077
-0.510972	-0.333333	13.0077
-0.27599	-0.333333	13.0077
-0.516841	-0.313131	13.0077
-0.269517	-0.313131	13.0077
-0.5196	-0.292929	13.0077
-0.266432	-0.292929	13.0077
-0.518748	-0.272727	13.0077
-0.267012	-0.272727	13.0077
-0.514398	-0.252525	13.0077
-0.271289	-0.252525	13.0077
-0.506965	-0.232323	13.0077
-0.278531	-0.232323	13.0077
-0.494456	-0.212121	13.0077
-0.290742	-0.212121	13.0077
-0.476113	-0.191919	13.0077
-0.308792	-0.191919	13.0077
-0.445132	-0.171717	13.0077
-0.339132	-0.171717	13.0077
0.426585	-0.111111	13.0077
0.543344	-0.111111	13.0077
0.398071	-0.0909091	13.0077
0.572853	-0.0909091	13.0077
0.380854	-0.0707071	13.0077
0.590713	-0.0707071	13.0077
0.369995	-0.0505051	13.0077
0.602384	-0.0505051	13.0077
0.362962	-0.030303	13.0077
0.609573	-0.030303	13.0077
0.359799	-0.010101	13.0077
0.61281	-0.010101	13.0077
0.359799	0.010101	13.0077
0.61281	0.010101	13.0077
0.362962	0.030303	13.0077
0.609573	0.030303	13.0077
0.369995	0.0505051	13.0077
0.602384	0.0505051	13.0077
0.380854	0.0707071	13.0077
0.590713	0.0707071	13.0077
0.398071	0.0909091	13.0077
0.572853	0.0909091	13.0077
0.426585	0.111111	13.0077
0.543344	0.111111	13.0077
-0.445132	0.171717	13.0077
-0.339132	0.171717	13.0077
-0.476113	0.191919	13.0077
-0.308792	0.191919	13.0077
-0.494456	0.212121	13.0077
-0.290742	0.212121	13.0077
-0.506965	0.232323	13.0077
-0.278531	0.232323	13.0077
-0.514398	0.252525	13.0077
-0.271289	0.252525	13.0077
-0.518748	0.272727	13.0077
-0.267012	0.272727	13.0077
-0.5196	0.292929	13.0077
-0.266432	0.292929	13.0077
-0.516841	0.313131	13.0077
-0.269517	0.313131	13.0077
-0.510972	0.333333	13.0077
-0.27599	0.333333	13.0077
-0.500664	0.353535	13.0077
-0.286713	0.353535	13.0077
0.0864569	0.353535	13.0077
0.214465	0.353535	13.0077
-0.48457	0.373737	13.0077
-0.303419	0.373737	13.0077
0.0599344	0.373737	13.0077
0.239991	0.373737	13.0077
-0.458459	0.393939	13.0077
-0.330384	0.393939	13.0077
0.0434877	0.393939	13.0077
0.255833	0.393939	13.0077
0.0331053	0.414141	13.0077
0.266342	0.414141	13.0077
0.0268288	0.434343	13.0077
0.272266	0.434343	13.0077
0.0239937	0.454545	13.0077
0.275333	0.454545	13.0077
0.0247114	0.474747	13.0077
0.275008	0.474747	13.0077
0.0290815	0.494949	13.0077
0.271425	0.494949	13.0077
0.0362489	0.515152	13.0077
0.264763	0.515152	13.0077
0.0484621	0.535354	13.0077
0.252921	0.535354	13.0077
0.0663385	0.555556	13.0077
0.235636	0.555556	13.0077
0.096226	0.575758	13.0077
0.206225	0.575758	13.0077


-0.474747	-0.326811	15.8859
-0.474747	-0.2552	15.8859
-0.474747	0.2552	15.8859
-0.474747	0.326811	15.8859
-0.454545	-0.353729	15.8859
-0.454545	-0.228282	15.8859
-0.454545	0.228282	15.8859
-0.454545	0.353729	15.8859
-0.434343	-0.366982	15.8859
-0.434343	-0.21522	15.8859
-0.434343	0.21522	15.8859
-0.434343	0.366982	15.8859
-0.414141	-0.372664	15.8859
-0.414141	-0.209004	15.8859
-0.414141	0.209004	15.8859
-0.414141	0.372664	15.8859
-0.393939	-0.373381	15.8859
-0.393939	-0.207991	15.8859
-0.393939	0.207991	15.8859
-0.393939	0.373381	15.8859
-0.373737	-0.369487	15.8859
-0.373737	-0.212573	15.8859
-0.373737	0.212573	15.8859
-0.373737	0.369487	15.8859
-0.353535	-0.359187	15.8859
-0.353535	-0.222429	15.8859
-0.353535	0.222429	15.8859
-0.353535	0.359187	15.8859
-0.333333	-0.338976	15.8859
-0.333333	-0.242852	15.8859
-0.333333	0.242852	15.8859
-0.333333	0.338976	15.8859
0.0707071	-0.476611	15.8859
0.0707071	-0.47011	15.8859
0.0707071	0.47011	15.8859
0.0707071	0.476611	15.8859
0.0909091	-0.52513	15.8859
0.0909091	-0.416054	15.8859
0.0909091	0.416054	15.8859
0.0909091	0.52513	15.8859
0.111111	-0.542422	15.8859
0.111111	-0.399036	15.8859
0.111111	0.399036	15.8859
0.111111	0.542422	15.8859
0.131313	-0.551083	15.8859
0.131313	-0.390557	15.8859
0.131313	0.390557	15.8859
0.131313	0.551083	15.8859
0.151515	-0.553825	15.8859
0.151515	-0.387388	15.8859
0.151515	0.387388	15.8859
0.151515	0.553825	15.8859
0.171717	-0.551891	15.8859
0.171717	-0.389701	15.8859
0.171717	0.389701	15.8859
0.171717	0.551891	15.8859
0.191919	-0.54435	15.8859
0.191919	-0.397428	15.8859
0.191919	0.397428	15.8859
0.191919	0.54435	15.8859
0.212121	-0.528627	15.8859
0.212121	-0.4129	15.8859
0.212121	0.4129	15.8859
0.212121	0.528627	15.8859
0.232323	-0.493111	15.8859
0.232323	-0.449091	15.8859
0.232323	0.449091	15.8859
0.232323	0.493111	15.8859
0.414141	-0.0153816	15.8859
0.414141	0.0153816	15.8859
0.434343	-0.0563169	15.8859
0.434343	0.0563169	15.8859
0.454545	-0.072288	15.8859
0.454545	0.072288	15.8859
0.474747	-0.0808019	15.8859
0.474747	0.0808019	15.8859
0.494949	-0.0833278	15.8859
0.494949	0.0833278	15.8859
0.515152	-0.0808094	15.8859
0.515152	0.0808094	15.8859
0.535354	-0.0722495	15.8859
0.535354	0.0722495	15.8859
0.555556	-0.0564427	15.8859
0.555556	0.0564427	15.8859
0.575758	-0.0163548	15.8859
0.575758	0.0163548	15.8859

0.101445	-0.535354	15.8859
0.204657	-0.535354	15.8859
0.0828229	-0.515152	15.8859
0.223212	-0.515152	15.8859
0.0735979	-0.494949	15.8859
0.232035	-0.494949	15.8859
0.0703377	-0.474747	15.8859
0.235867	-0.474747	15.8859
0.0717059	-0.454545	15.8859
0.234164	-0.454545	15.8859
0.0781782	-0.434343	15.8859
0.227471	-0.434343	15.8859
0.0926222	-0.414141	15.8859
0.213278	-0.414141	15.8859
0.1234	-0.393939	15.8859
0.182403	-0.393939	15.8859
-0.454759	-0.353535	15.8859
-0.346402	-0.353535	15.8859
-0.471858	-0.333333	15.8859
-0.329079	-0.333333	15.8859
-0.480791	-0.313131	15.8859
-0.320063	-0.313131	15.8859
-0.483886	-0.292929	15.8859
-0.317193	-0.292929	15.8859
-0.481666	-0.272727	15.8859
-0.319128	-0.272727	15.8859
-0.473671	-0.252525	15.8859
-0.326731	-0.252525	15.8859
-0.458669	-0.232323	15.8859
-0.341993	-0.232323	15.8859
-0.423546	-0.212121	15.8859
-0.375988	-0.212121	15.8859
0.452136	-0.0707071	15.8859
0.53758	-0.0707071	15.8859
0.429127	-0.0505051	15.8859
0.560723	-0.0505051	15.8859
0.41762	-0.030303	15.8859
0.572376	-0.030303	15.8859
0.412707	-0.010101	15.8859
0.577441	-0.010101	15.8859
0.412707	0.010101	15.8859
0.577441	0.010101	15.8859
0.41762	0.030303	15.8859
0.572376	0.030303	15.8859
0.429127	0.0505051	15.8859
0.560723	0.0505051	15.8859
0.452136	0.0707071	15.8859
0.53758	0.0707071	15.8859
-0.423546	0.212121	15.8859
-0.375988	0.212121	15.8859
-0.458669	0.232323	15.8859
-0.341993	0.232323	15.8859
-0.473671	0.252525	15.8859
-0.326731	0.252525	15.8859
-0.481666	0.272727	15.8859
-0.319128	0.272727	15.8859
-0.483886	0.292929	15.8859
-0.317193	0.292929	15.8859
-0.480791	0.313131	15.8859
-0.320063	0.313131	15.8859
-0.471858	0.333333	15.8859
-0.329079	0.333333	15.8859
-0.454759	0.353535	15.8859
-0.346402	0.353535	15.8859
0.1234	0.393939	15.8859
0.182403	0.393939	15.8859
0.0926222	0.414141	15.8859
0.213278	0.414141	15.8859
0.0781782	0.434343	15.8859
0.227471	0.434343	15.8859
0.0717059	0.454545	15.8859
0.234164	0.454545	15.8859
0.0703377	0.474747	15.8859
0.235867	0.474747	15.8859
0.0735979	0.494949	15.8859
0.232035	0.494949	15.8859
0.0828229	0.515152	15.8859
0.223212	0.515152	15.8859
0.101445	0.535354	15.8859
0.204657	0.535354	15.8859


-0.454545	-0.314497	18.764
-0.454545	-0.270737	18.764
-0.454545	0.270737	18.764
-0.454545	0.314497	18.764
-0.434343	-0.33947	18.764
-0.434343	-0.245511	18.764
-0.434343	0.245511	18.764
-0.434343	0.33947	18.764
-0.414141	-0.34821	18.764
-0.414141	-0.236789	18.764
-0.414141	0.236789	18.764
-0.414141	0.34821	18.764
-0.393939	-0.348691	18.764
-0.393939	-0.236288	18.764
-0.393939	0.236288	18.764
-0.393939	0.348691	18.764
-0.373737	-0.341275	18.764
-0.373737	-0.24362	18.764
-0.373737	0.24362	18.764
-0.373737	0.341275	18.764
-0.353535	-0.319613	18.764
-0.353535	-0.265358	18.764
-0.353535	0.265358	18.764
-0.353535	0.319613	18.764
0.111111	-0.509773	18.764
0.111111	-0.436431	18.764
0.111111	0.436431	18.764
0.111111	0.509773	18.764
0.131313	-0.525469	18.764
0.131313	-0.42104	18.764
0.131313	0.42104	18.764
0.131313	0.525469	18.764
0.151515	-0.530171	18.764
0.151515	-0.416547	18.764
0.151515	0.416547	18.764
0.151515	0.530171	18.764
0.171717	-0.527302	18.764
0.171717	-0.419295	18.764
0.171717	0.419295	18.764
0.171717	0.527302	18.764
0.191919	-0.514999	18.764
0.191919	-0.431507	18.764
0.191919	0.431507	18.764
0.191919	0.514999	18.764
0.454545	-0.0362943	18.764
0.454545	0.0362943	18.764
0.474747	-0.0517767	18.764
0.474747	0.0517767	18.764
0.494949	-0.056971	18.764
0.494949	0.056971	18.764
0.515152	-0.0540231	18.764
0.515152	0.0540231	18.764
0.535354	-0.0419757	18.764
0.535354	0.0419757	18.764

0.116191	-0.515152	18.764
0.191746	-0.515152	18.764
0.101137	-0.494949	18.764
0.206266	-0.494949	18.764
0.096784	-0.474747	18.764
0.210413	-0.474747	18.764
0.0999926	-0.454545	18.764
0.207337	-0.454545	18.764
0.112946	-0.434343	18.764
0.194721	-0.434343	18.764
-0.441498	-0.333333	18.764
-0.363718	-0.333333	18.764
-0.455316	-0.313131	18.764
-0.349635	-0.313131	18.764
-0.459555	-0.292929	18.764
-0.345437	-0.292929	18.764
-0.455615	-0.272727	18.764
-0.349298	-0.272727	18.764
-0.442262	-0.252525	18.764
-0.362841	-0.252525	18.764
0.472617	-0.0505051	18.764
0.521727	-0.0505051	18.764
0.449664	-0.030303	18.764
0.545482	-0.030303	18.764
0.441465	-0.010101	18.764
0.553434	-0.010101	18.764
0.441465	0.010101	18.764
0.553434	0.010101	18.764
0.449664	0.030303	18.764
0.545482	0.030303	18.764
0.472617	0.0505051	18.764
0.521727	0.0505051	18.764
-0.442262	0.252525	18.764
-0.362841	0.252525	18.764
-0.455615	0.272727	18.764
-0.349298	0.272727	18.764
-0.459555	0.292929	18.764
-0.345437	0.292929	18.764
-0.455316	0.313131	18.764
-0.349635	0.313131	18.764
-0.441498	0.333333	18.764
-0.363718	0.333333	18.764
0.112946	0.434343	18.764
0.194721	0.434343	18.764
0.0999926	0.454545	18.764
0.207337	0.454545	18.764
0.096784	0.474747	18.764
0.210413	0.474747	18.764
0.101137	0.494949	18.764
0.206266	0.494949	18.764
0.116191	0.515152	18.764
0.191746	0.515152	18.764


-0.434343	-0.312375	21.6421
-0.434343	-0.274189	21.6421
-0.434343	0.274189	21.6421
-0.434343	0.312375	21.6421
-0.414141	-0.327839	21.6421
-0.414141	-0.258336	21.6421
-0.414141	0.258336	21.6421
-0.414141	0.327839	21.6421
-0.393939	-0.32818	21.6421
-0.393939	-0.257989	21.6421
-0.393939	0.257989	21.6421
-0.393939	0.32818	21.6421
-0.373737	-0.31422	21.6421
-0.373737	-0.271949	21.6421
-0.373737	0.271949	21.6421
-0.373737	0.31422	21.6421
0.131313	-0.502282	21.6421
0.131313	-0.446215	21.6421
0.131313	0.446215	21.6421
0.131313	0.502282	21.6421
0.151515	-0.510586	21.6421
0.151515	-0.437903	21.6421
0.151515	0.437903	21.6421
0.151515	0.510586	21.6421
0.171717	-0.50588	21.6421
0.171717	-0.44259	21.6421
0.171717	0.44259	21.6421
0.171717	0.50588	21.6421
0.474747	-0.0269806	21.6421
0.474747	0.0269806	21.6421
0.494949	-0.0365012	21.6421
0.494949	0.0365012	21.6421
0.515152	-0.0326642	21.6421
0.515152	0.0326642	21.6421

0.124254	-0.494949	21.6421
0.18365	-0.494949	21.6421
0.117605	-0.474747	21.6421
0.190583	-0.474747	21.6421
0.123653	-0.454545	21.6421
0.184272	-0.454545	21.6421
-0.434017	-0.313131	21.6421
-0.372844	-0.313131	21.6421
-0.44013	-0.292929	21.6421
-0.366707	-0.292929	21.6421
-0.433666	-0.272727	21.6421
-0.373106	-0.272727	21.6421
0.479795	-0.030303	21.6421
0.518398	-0.030303	21.6421
0.463594	-0.010101	21.6421
0.533693	-0.010101	21.6421
0.463594	0.010101	21.6421
0.533693	0.010101	21.6421
0.479795	0.030303	21.6421
0.518398	0.030303	21.6421
-0.433666	0.272727	21.6421
-0.373106	0.272727	21.6421
-0.44013	0.292929	21.6421
-0.366707	0.292929	21.6421
-0.434017	0.313131	21.6421
-0.372844	0.313131	21.6421
0.123653	0.454545	21.6421
0.184272	0.454545	21.6421
0.117605	0.474747	21.6421
0.190583	0.474747	21.6421
0.124254	0.494949	21.6421
0.18365	0.494949	21.6421