-1	-0.82198	0.671978
-0.974684	-0.840396	0.671978
-0.949367	-0.857965	0.671978
-0.924051	-0.874703	0.671978
-0.898734	-0.890833	0.671978
-0.873418	-0.906211	0.671978
-0.848101	-0.920895	0.671978
-0.822785	-0.935024	0.671978
-0.797468	-0.948417	0.671978
-0.772152	-0.961374	0.671978
-0.746835	-0.973607	0.671978
-0.721519	-0.985443	0.671978
-0.696203	-0.996624	0.671978
0.696203	-0.996624	0.671978
0.721519	-0.985443	0.671978
0.746835	-0.973607	0.671978
0.772152	-0.961374	0.671978
0.797468	-0.948417	0.671978
0.822785	-0.935024	0.671978
0.848101	-0.920895	0.671978
0.873418	-0.906211	0.671978
0.898734	-0.890833	0.671978
0.924051	-0.874703	0.671978
0.949367	-0.857965	0.671978
0.974684	-0.840396	0.671978
1	-0.82198	0.671978

-0.688181	-1	0.671978
0.688181	-1	0.671978
-0.744513	-0.974684	0.671978
0.744513	-0.974684	0.671978
-0.795601	-0.949367	0.671978
0.795601	-0.949367	0.671978
-0.84243	-0.924051	0.671978
0.84243	-0.924051	0.671978
-0.885722	-0.898734	0.671978
0.885722	-0.898734	0.671978
-0.926	-0.873418	0.671978
0.926	-0.873418	0.671978
-0.963611	-0.848101	0.671978
0.963611	-0.848101	0.671978
-0.998902	-0.822785	0.671978
0.998902	-0.822785	0.671978


-1	-0.0236084	1.06543
-1	0.539645	1.06543
-0.974684	-0.0841788	1.06543
-0.974684	0.605565	1.06543
-0.949367	-0.133119	1.06543
-0.949367	0.660014	1.06543
-0.924051	-0.17462	1.06543
-0.924051	0.707029	1.06543
-0.898734	-0.210735	1.06543
-0.898734	0.748674	1.06543
-0.873418	-0.242689	1.06543
-0.873418	0.78619	1.06543
-0.848101	-0.271332	1.06543
-0.848101	0.820337	1.06543
-0.822785	-0.297176	1.06543
-0.822785	0.851727	1.06543
-0.797468	-0.320623	1.06543
-0.797468	0.880753	1.06543
-0.772152	-0.341957	1.06543
-0.772152	0.907694	1.06543
-0.746835	-0.361643	1.06543
-0.746835	0.932793	1.06543
-0.721519	-0.379674	1.06543
-0.721519	0.956235	1.06543
-0.696203	-0.396117	1.06543
-0.696203	0.978163	1.06543
-0.670886	-0.411374	1.06543
-0.670886	0.998724	1.06543
-0.64557	-0.425397	1.06543
-0.620253	-0.438267	1.06543
-0.594937	-0.450193	1.06543
-0.56962	-0.461155	1.06543
-0.544304	-0.471159	1.06543
-0.518987	-0.480555	1.06543
-0.493671	-0.489011	1.06543
-0.468354	-0.496801	1.06543
-0.443038	-0.504069	1.06543
-0.417722	-0.510612	1.06543
-0.392405	-0.5165	1.06543
-0.367089	-0.521949	1.06543
-0.341772	-0.52696	1.06543
-0.316456	-0.531441	1.06543
-0.291139	-0.535437	1.06543
-0.265823	-0.538986	1.06543
-0.240506	-0.542122	1.06543
-0.21519	-0.544898	1.06543
-0.189873	-0.547397	1.06543
-0.164557	-0.549536	1.06543
-0.139241	-0.551335	1.06543
-0.113924	-0.55281	1.06543
-0.0886076	-0.553975	1.06543
-0.0632911	-0.554839	1.06543
-0.0379747	-0.555411	1.06543
-0.0126582	-0.555696	1.06543
0.0126582	-0.555696	1.06543
0.0379747	-0.555411	1.06543
0.0632911	-0.554839	1.06543
0.0886076	-0.553975	1.06543
0.113924	-0.55281	1.06543
0.139241	-0.551335	1.06543
0.164557	-0.549536	1.06543
0.189873	-0.547397	1.06543
0.21519	-0.544898	1.06543
0.240506	-0.542122	1.06543
0.265823	-0.538986	1.06543
0.291139	-0.535437	1.06543
0.316456	-0.531441	1.06543
0.341772	-0.52696	1.06543
0.367089	-0.521949	1.06543
0.392405	-0.5165	1.06543
0.417722	-0.510612	1.06543
0.443038	-0.504069	1.06543
0.468354	-0.496801	1.06543
0.493671	-0.489011	1.06543
0.518987	-0.480555	1.06543
0.544304	-0.471159	1.06543
0.56962	-0.461155	1.06543
0.594937	-0.450193	1.06543
0.620253	-0.438267	1.06543
0.64557	-0.425397	1.06543
0.670886	-0.411374	1.06543
0.670886	0.998724	1.06543
0.696203	-0.396117	1.06543
0.696203	0.978163	1.06543
0.721519	-0.379674	1.06543
0.721519	0.956235	1.06543
0.746835	-0.361643	1.06543
0.746835	0.932793	1.06543
0.772152	-0.341957	1.06543
0.772152	0.907694	1.06543
0.797468	-0.320623	1.06543
0.797468	0.880753	1.06543
0.822785	-0.297176	1.06543
0.822785	0.851727	1.06543
0.848101	-0.271332	1.06543
0.848101	0.820337	1.06543
0.873418	-0.242689	1.06543
0.873418	0.78619	1.06543
0.898734	-0.210735	1.06543
0.898734	0.748674	1.06543
0.924051	-0.17462	1.06543
0.924051	0.707029	1.06543
0.949367	-0.133119	1.06543
0.949367	0.660014	1.06543
0.974684	-0.0841788	1.06543
0.974684	0.605565	1.06543
1	-0.0236084	1.06543
1	0.539645	1.06543

-0.220412	-0.544304	1.06543
0.220412	-0.544304	1.06543
-0.380552	-0.518987	1.06543
0.380552	-0.518987	1.06543
-0.47827	-0.493671	1.06543
0.47827	-0.493671	1.06543
-0.551229	-0.468354	1.06543
0.551229	-0.468354	1.06543
-0.609966	-0.443038	1.06543
0.609966	-0.443038	1.06543
-0.659332	-0.417722	1.06543
0.659332	-0.417722	1.06543
-0.70191	-0.392405	1.06543
0.70191	-0.392405	1.06543
-0.739228	-0.367089	1.06543
0.739228	-0.367089	1.06543
-0.772377	-0.341772	1.06543
0.772377	-0.341772	1.06543
-0.802093	-0.316456	1.06543
0.802093	-0.316456	1.06543
-0.828904	-0.291139	1.06543
0.828904	-0.291139	1.06543
-0.853195	-0.265823	1.06543
0.853195	-0.265823	1.06543
-0.875256	-0.240506	1.06543
0.875256	-0.240506	1.06543
-0.895425	-0.21519	1.06543
0.895425	-0.21519	1.06543
-0.913891	-0.189873	1.06543
0.913891	-0.189873	1.06543
-0.930671	-0.164557	1.06543
0.930671	-0.164557	1.06543
-0.945969	-0.139241	1.06543
0.945969	-0.139241	1.06543
-0.960048	-0.113924	1.06543
0.960048	-0.113924	1.06543
-0.972667	-0.0886076	1.06543
0.972667	-0.0886076	1.06543
-0.984346	-0.0632911	1.06543
0.984346	-0.0632911	1.06543
-0.994746	-0.0379747	1.06543
0.994746	-0.0379747	1.06543
-0.998467	0.544304	1.06543
0.998467	0.544304	1.06543
-0.989381	0.56962	1.06543
0.989381	0.56962	1.06543
-0.979279	0.594937	1.06543
0.979279	0.594937	1.06543
-0.968406	0.620253	1.06543
0.968406	0.620253	1.06543
-0.956633	0.64557	1.06543
0.956633	0.64557	1.06543
-0.943921	0.670886	1.06543
0.943921	0.670886	1.06543
-0.930287	0.696203	1.06543
0.930287	0.696203	1.06543
-0.915677	0.721519	1.06543
0.915677	0.721519	1.06543
-0.899932	0.746835	1.06543
0.899932	0.746835	1.06543
-0.883276	0.772152	1.06543
0.883276	0.772152	1.06543
-0.865377	0.797468	1.06543
0.865377	0.797468	1.06543
-0.846215	0.822785	1.06543
0.846215	0.822785	1.06543
-0.825831	0.848101	1.06543
0.825831	0.848101	1.06543
-0.804068	0.873418	1.06543
0.804068	0.873418	1.06543
-0.780776	0.898734	1.06543
0.780776	0.898734	1.06543
-0.755831	0.924051	1.06543
0.755831	0.924051	1.06543
-0.729071	0.949367	1.06543
0.729071	0.949367	1.06543
-0.70029	0.974684	1.06543
0.70029	0.974684	1.06543
-0.669242	1	1.06543
0.669242	1	1.06543


-0.822785	0.150834	1.45889
-0.822785	0.291688	1.45889
-0.797468	0.0389082	1.45889
-0.797468	0.411757	1.45889
-0.772152	-0.0208084	1.45889
-0.772152	0.48124	1.45889
-0.746835	-0.0647097	1.45889
-0.746835	0.534898	1.45889
-0.721519	-0.0994314	1.45889
-0.721519	0.57965	1.45889
-0.696203	-0.127976	1.45889
-0.696203	0.618364	1.45889
-0.670886	-0.151876	1.45889
-0.670886	0.652692	1.45889
-0.64557	-0.172036	1.45889
-0.64557	0.683505	1.45889
-0.620253	-0.188979	1.45889
-0.620253	0.711421	1.45889
-0.594937	-0.20384	1.45889
-0.594937	0.736906	1.45889
-0.56962	-0.215887	1.45889
-0.56962	0.760288	1.45889
-0.544304	-0.226652	1.45889
-0.544304	0.781795	1.45889
-0.518987	-0.235283	1.45889
-0.518987	0.801578	1.45889
-0.493671	-0.242372	1.45889
-0.493671	0.819892	1.45889
-0.468354	-0.248506	1.45889
-0.468354	0.836945	1.45889
-0.443038	-0.253312	1.45889
-0.443038	0.85254	1.45889
-0.417722	-0.257012	1.45889
-0.417722	0.867055	1.45889
-0.392405	-0.259792	1.45889
-0.392405	0.880419	1.45889
-0.367089	-0.261801	1.45889
-0.367089	0.892709	1.45889
-0.341772	-0.263165	1.45889
-0.341772	0.903986	1.45889
-0.316456	-0.263993	1.45889
-0.316456	0.914387	1.45889
-0.291139	-0.264381	1.45889
-0.291139	0.923614	1.45889
-0.265823	-0.264417	1.45889
-0.265823	0.932319	1.45889
-0.240506	-0.26418	1.45889
-0.240506	0.94001	1.45889
-0.21519	-0.263745	1.45889
-0.21519	0.946728	1.45889
-0.189873	-0.263181	1.45889
-0.189873	0.952776	1.45889
-0.164557	-0.262548	1.45889
-0.164557	0.958118	1.45889
-0.139241	-0.261901	1.45889
-0.139241	0.962608	1.45889
-0.113924	-0.261289	1.45889
-0.113924	0.966287	1.45889
-0.0886076	-0.26075	1.45889
-0.0886076	0.96919	1.45889
-0.0632911	-0.260318	1.45889
-0.0632911	0.971342	1.45889
-0.0379747	-0.260016	1.45889
-0.0379747	0.972766	1.45889
-0.0126582	-0.259861	1.45889
-0.0126582	0.973475	1.45889
0.0126582	-0.259861	1.45889
0.0126582	0.973475	1.45889
0.0379747	-0.260016	1.45889
0.0379747	0.972766	1.45889
0.0632911	-0.260318	1.45889
0.0632911	0.971342	1.45889
0.0886076	-0.26075	1.45889
0.0886076	0.96919	1.45889
0.113924	-0.261289	1.45889
0.113924	0.966287	1.45889
0.139241	-0.261901	1.45889
0.139241	0.962608	1.45889
0.164557	-0.262548	1.45889
0.164557	0.958118	1.45889
0.189873	-0.263181	1.45889
0.189873	0.952776	1.45889
0.21519	-0.263745	1.45889
0.21519	0.946728	1.45889
0.240506	-0.26418	1.45889
0.240506	0.94001	1.45889
0.265823	-0.264417	1.45889
0.265823	0.932319	1.45889
0.291139	-0.264381	1.45889
0.291139	0.923614	1.45889
0.316456	-0.263993	1.45889
0.316456	0.914387	1.45889
0.341772	-0.263165	1.45889
0.341772	0.903986	1.45889
0.367089	-0.261801	1.45889
0.367089	0.892709	1.45889
0.392405	-0.259792	1.45889
0.392405	0.880419	1.45889
0.417722	-0.257012	1.45889
0.417722	0.867055	1.45889
0.443038	-0.253312	1.45889
0.443038	0.85254	1.45889
0.468354	-0.248506	1.45889
0.468354	0.836945	1.45889
0.493671	-0.242372	1.45889
0.493671	0.819892	1.45889
0.518987	-0.235283	1.45889
0.518987	0.801578	1.45889
0.544304	-0.226652	1.45889
0.544304	0.781795	1.45889
0.56962	-0.215887	1.45889
0.56962	0.760288	1.45889
0.594937	-0.20384	1.45889
0.594937	0.736906	1.45889
0.620253	-0.188979	1.45889
0.620253	0.711421	1.45889
0.64557	-0.172036	1.45889
0.64557	0.683505	1.45889
0.670886	-0.151876	1.45889
0.670886	0.652692	1.45889
0.696203	-0.127976	1.45889
0.696203	0.618364	1.45889
0.721519	-0.0994314	1.45889
0.721519	0.57965	1.45889
0.746835	-0.0647097	1.45889
0.746835	0.534898	1.45889
0.772152	-0.0208084	1.45889
0.772152	0.48124	1.45889
0.797468	0.0389082	1.45889
0.797468	0.411757	1.45889
0.822785	0.150834	1.45889
0.822785	0.291688	1.45889

-0.499884	-0.240506	1.45889
0.499884	-0.240506	1.45889
-0.571027	-0.21519	1.45889
0.571027	-0.21519	1.45889
-0.618705	-0.189873	1.45889
0.618705	-0.189873	1.45889
-0.655193	-0.164557	1.45889
0.655193	-0.164557	1.45889
-0.684742	-0.139241	1.45889
0.684742	-0.139241	1.45889
-0.709352	-0.113924	1.45889
0.709352	-0.113924	1.45889
-0.730177	-0.0886076	1.45889
0.730177	-0.0886076	1.45889
-0.747807	-0.0632911	1.45889
0.747807	-0.0632911	1.45889
-0.763356	-0.0379747	1.45889
0.763356	-0.0379747	1.45889
-0.776423	-0.0126582	1.45889
0.776423	-0.0126582	1.45889
-0.787861	0.0126582	1.45889
0.787861	0.0126582	1.45889
-0.797179	0.0379747	1.45889
0.797179	0.0379747	1.45889
-0.805538	0.0632911	1.45889
0.805538	0.0632911	1.45889
-0.812262	0.0886076	1.45889
0.812262	0.0886076	1.45889
-0.817528	0.113924	1.45889
0.817528	0.113924	1.45889
-0.821498	0.139241	1.45889
0.821498	0.139241	1.45889
-0.824461	0.164557	1.45889
0.824461	0.164557	1.45889
-0.826358	0.189873	1.45889
0.826358	0.189873	1.45889
-0.827114	0.21519	1.45889
0.827114	0.21519	1.45889
-0.826772	0.240506	1.45889
0.826772	0.240506	1.45889
-0.825353	0.265823	1.45889
0.825353	0.265823	1.45889
-0.822861	0.291139	1.45889
0.822861	0.291139	1.45889
-0.819579	0.316456	1.45889
0.819579	0.316456	1.45889
-0.815264	0.341772	1.45889
0.815264	0.341772	1.45889
-0.809864	0.367089	1.45889
0.809864	0.367089	1.45889
-0.803326	0.392405	1.45889
0.803326	0.392405	1.45889
-0.795728	0.417722	1.45889
0.795728	0.417722	1.45889
-0.787351	0.443038	1.45889
0.787351	0.443038	1.45889
-0.777659	0.468354	1.45889
0.777659	0.468354	1.45889
-0.766928	0.493671	1.45889
0.766928	0.493671	1.45889
-0.755092	0.518987	1.45889
0.755092	0.518987	1.45889
-0.741973	0.544304	1.45889
0.741973	0.544304	1.45889
-0.727669	0.56962	1.45889
0.727669	0.56962	1.45889
-0.712062	0.594937	1.45889
0.712062	0.594937	1.45889
-0.694902	0.620253	1.45889
0.694902	0.620253	1.45889
-0.676433	0.64557	1.45889
0.676433	0.64557	1.45889
-0.656304	0.670886	1.45889
0.656304	0.670886	1.45889
-0.634364	0.696203	1.45889
0.634364	0.696203	1.45889
-0.610463	0.721519	1.45889
0.610463	0.721519	1.45889
-0.584378	0.746835	1.45889
0.584378	0.746835	1.45889
-0.555798	0.772152	1.45889
0.555798	0.772152	1.45889
-0.524309	0.797468	1.45889
0.524309	0.797468	1.45889
-0.489387	0.822785	1.45889
0.489387	0.822785	1.45889
-0.450226	0.848101	1.45889
0.450226	0.848101	1.45889
-0.405579	0.873418	1.45889
0.405579	0.873418	1.45889
-0.353412	0.898734	1.45889
0.353412	0.898734	1.45889
-0.289824	0.924051	1.45889
0.289824	0.924051	1.45889
-0.203839	0.949367	1.45889
0.203839	0.949367	1.45889


-0.696203	0.0838478	1.85235
-0.696203	0.302172	1.85235
-0.670886	0.0131088	1.85235
-0.670886	0.386493	1.85235
-0.64557	-0.0295459	1.85235
-0.64557	0.443662	1.85235
-0.620253	-0.0600517	1.85235
-0.620253	0.489163	1.85235
-0.594937	-0.0828293	1.85235
-0.594937	0.527596	1.85235
-0.56962	-0.0999833	1.85235
-0.56962	0.560994	1.85235
-0.544304	-0.112034	1.85235
-0.544304	0.59051	1.85235
-0.518987	-0.121102	1.85235
-0.518987	0.616962	1.85235
-0.493671	-0.126895	1.85235
-0.493671	0.640887	1.85235
-0.468354	-0.129828	1.85235
-0.468354	0.66263	1.85235
-0.443038	-0.130522	1.85235
-0.443038	0.682396	1.85235
-0.417722	-0.12938	1.85235
-0.417722	0.700296	1.85235
-0.392405	-0.126699	1.85235
-0.392405	0.716755	1.85235
-0.367089	-0.122752	1.85235
-0.367089	0.731837	1.85235
-0.341772	-0.117814	1.85235
-0.341772	0.745311	1.85235
-0.316456	-0.112285	1.85235
-0.316456	0.757933	1.85235
-0.291139	-0.10654	1.85235
-0.291139	0.769036	1.85235
-0.265823	-0.100505	1.85235
-0.265823	0.779275	1.85235
-0.240506	-0.0944061	1.85235
-0.240506	0.788401	1.85235
-0.21519	-0.0884447	1.85235
-0.21519	0.796253	1.85235
-0.189873	-0.0830166	1.85235
-0.189873	0.803497	1.85235
-0.164557	-0.0779846	1.85235
-0.164557	0.80973	1.85235
-0.139241	-0.0734692	1.85235
-0.139241	0.814917	1.85235
-0.113924	-0.0695682	1.85235
-0.113924	0.819129	1.85235
-0.0886076	-0.0663592	1.85235
-0.0886076	0.822427	1.85235
-0.0632911	-0.0639022	1.85235
-0.0632911	0.825074	1.85235
-0.0379747	-0.0622796	1.85235
-0.0379747	0.826845	1.85235
-0.0126582	-0.0614727	1.85235
-0.0126582	0.827724	1.85235
0.0126582	-0.0614727	1.85235
0.0126582	0.827724	1.85235
0.0379747	-0.0622796	1.85235
0.0379747	0.826845	1.85235
0.0632911	-0.0639022	1.85235
0.0632911	0.825074	1.85235
0.0886076	-0.0663592	1.85235
0.0886076	0.822427	1.85235
0.113924	-0.0695682	1.85235
0.113924	0.819129	1.85235
0.139241	-0.0734692	1.85235
0.139241	0.814917	1.85235
0.164557	-0.0779846	1.85235
0.164557	0.80973	1.85235
0.189873	-0.0830166	1.85235
0.189873	0.803497	1.85235
0.21519	-0.0884447	1.85235
0.21519	0.796253	1.85235
0.240506	-0.0944061	1.85235
0.240506	0.788401	1.85235
0.265823	-0.100505	1.85235
0.265823	0.779275	1.85235
0.291139	-0.10654	1.85235
0.291139	0.769036	1.85235
0.316456	-0.112285	1.85235
0.316456	0.757933	1.85235
0.341772	-0.117814	1.85235
0.341772	0.745311	1.85235
0.367089	-0.122752	1.85235
0.367089	0.731837	1.85235
0.392405	-0.126699	1.85235
0.392405	0.716755	1.85235
0.417722	-0.12938	1.85235
0.417722	0.700296	1.85235
0.443038	-0.130522	1.85235
0.443038	0.682396	1.85235
0.468354	-0.129828	1.85235
0.468354	0.66263	1.85235
0.493671	-0.126895	1.85235
0.493671	0.640887	1.85235
0.518987	-0.121102	1.85235
0.518987	0.616962	1.85235
0.544304	-0.112034	1.85235
0.544304	0.59051	1.85235
0.56962	-0.0999833	1.85235
0.56962	0.560994	1.85235
0.594937	-0.0828293	1.85235
0.594937	0.527596	1.85235
0.620253	-0.0600517	1.85235
0.620253	0.489163	1.85235
0.64557	-0.0295459	1.85235
0.64557	0.443662	1.85235
0.670886	0.0131088	1.85235
0.670886	0.386493	1.85235
0.696203	0.0838478	1.85235
0.696203	0.302172	1.85235

-0.538438	-0.113924	1.85235
-0.323964	-0.113924	1.85235
0.323964	-0.113924	1.85235
0.538438	-0.113924	1.85235
-0.586658	-0.0886076	1.85235
-0.215879	-0.0886076	1.85235
0.215879	-0.0886076	1.85235
0.586658	-0.0886076	1.85235
-0.617102	-0.0632911	1.85235
-0.0539233	-0.0632911	1.85235
0.0539233	-0.0632911	1.85235
0.617102	-0.0632911	1.85235
-0.639679	-0.0379747	1.85235
0.639679	-0.0379747	1.85235
-0.657287	-0.0126582	1.85235
0.657287	-0.0126582	1.85235
-0.670696	0.0126582	1.85235
0.670696	0.0126582	1.85235
-0.682316	0.0379747	1.85235
0.682316	0.0379747	1.85235
-0.690983	0.0632911	1.85235
0.690983	0.0632911	1.85235
-0.697568	0.0886076	1.85235
0.697568	0.0886076	1.85235
-0.702947	0.113924	1.85235
0.702947	0.113924	1.85235
-0.706546	0.139241	1.85235
0.706546	0.139241	1.85235
-0.708596	0.164557	1.85235
0.708596	0.164557	1.85235
-0.709242	0.189873	1.85235
0.709242	0.189873	1.85235
-0.708563	0.21519	1.85235
0.708563	0.21519	1.85235
-0.706593	0.240506	1.85235
0.706593	0.240506	1.85235
-0.703328	0.265823	1.85235
0.703328	0.265823	1.85235
-0.698737	0.291139	1.85235
0.698737	0.291139	1.85235
-0.693131	0.316456	1.85235
0.693131	0.316456	1.85235
-0.686432	0.341772	1.85235
0.686432	0.341772	1.85235
-0.678257	0.367089	1.85235
0.678257	0.367089	1.85235
-0.668716	0.392405	1.85235
0.668716	0.392405	1.85235
-0.658216	0.417722	1.85235
0.658216	0.417722	1.85235
-0.645897	0.443038	1.85235
0.645897	0.443038	1.85235
-0.632672	0.468354	1.85235
0.632672	0.468354	1.85235
-0.617547	0.493671	1.85235
0.617547	0.493671	1.85235
-0.601046	0.518987	1.85235
0.601046	0.518987	1.85235
-0.582794	0.544304	1.85235
0.582794	0.544304	1.85235
-0.562566	0.56962	1.85235
0.562566	0.56962	1.85235
-0.540247	0.594937	1.85235
0.540247	0.594937	1.85235
-0.515618	0.620253	1.85235
0.515618	0.620253	1.85235
-0.488328	0.64557	1.85235
0.488328	0.64557	1.85235
-0.457867	0.670886	1.85235
0.457867	0.670886	1.85235
-0.423528	0.696203	1.85235
0.423528	0.696203	1.85235
-0.384338	0.721519	1.85235
0.384338	0.721519	1.85235
-0.338638	0.746835	1.85235
0.338638	0.746835	1.85235
-0.283211	0.772152	1.85235
0.283211	0.772152	1.85235
-0.210725	0.797468	1.85235
0.210725	0.797468	1.85235
-0.0849277	0.822785	1.85235
0.0849277	0.822785	1.85235


-0.620253	0.0489537	2.2458
-0.620253	0.289726	2.2458
-0.594937	-0.00365601	2.2458
-0.594937	0.36041	2.2458
-0.56962	-0.0344659	2.2458
-0.56962	0.41121	2.2458
-0.544304	-0.0541498	2.2458
-0.544304	0.452268	2.2458
-0.518987	-0.0643697	2.2458
-0.518987	0.487033	2.2458
-0.493671	-0.0697781	2.2458
-0.493671	0.517182	2.2458
-0.468354	-0.0691971	2.2458
-0.468354	0.54386	2.2458
-0.443038	-0.0640318	2.2458
-0.443038	0.567769	2.2458
-0.417722	-0.0564527	2.2458
-0.417722	0.589322	2.2458
-0.392405	-0.0459597	2.2458
-0.392405	0.608737	2.2458
-0.367089	-0.0336737	2.2458
-0.367089	0.626099	2.2458
-0.341772	-0.0205509	2.2458
-0.341772	0.641822	2.2458
-0.316456	-0.00693367	2.2458
-0.316456	0.656216	2.2458
-0.291139	0.00655875	2.2458
-0.291139	0.668814	2.2458
-0.265823	0.0195918	2.2458
-0.265823	0.680542	2.2458
-0.240506	0.0318961	2.2458
-0.240506	0.690725	2.2458
-0.21519	0.0432565	2.2458
-0.21519	0.699717	2.2458
-0.189873	0.0534932	2.2458
-0.189873	0.707885	2.2458
-0.164557	0.0627003	2.2458
-0.164557	0.7147	2.2458
-0.139241	0.07046	2.2458
-0.139241	0.720295	2.2458
-0.113924	0.0770183	2.2458
-0.113924	0.725229	2.2458
-0.0886076	0.082337	2.2458
-0.0886076	0.729199	2.2458
-0.0632911	0.0863676	2.2458
-0.0632911	0.732114	2.2458
-0.0379747	0.089053	2.2458
-0.0379747	0.734028	2.2458
-0.0126582	0.0903502	2.2458
-0.0126582	0.734976	2.2458
0.0126582	0.0903502	2.2458
0.0126582	0.734976	2.2458
0.0379747	0.089053	2.2458
0.0379747	0.734028	2.2458
0.0632911	0.0863676	2.2458
0.0632911	0.732114	2.2458
0.0886076	0.082337	2.2458
0.0886076	0.729199	2.2458
0.113924	0.0770183	2.2458
0.113924	0.725229	2.2458
0.139241	0.07046	2.2458
0.139241	0.720295	2.2458
0.164557	0.0627003	2.2458
0.164557	0.7147	2.2458
0.189873	0.0534932	2.2458
0.189873	0.707885	2.2458
0.21519	0.0432565	2.2458
0.21519	0.699717	2.2458
0.240506	0.0318961	2.2458
0.240506	0.690725	2.2458
0.265823	0.0195918	2.2458
0.265823	0.680542	2.2458
0.291139	0.00655875	2.2458
0.291139	0.668814	2.2458
0.316456	-0.00693367	2.2458
0.316456	0.656216	2.2458
0.341772	-0.0205509	2.2458
0.341772	0.641822	2.2458
0.367089	-0.0336737	2.2458
0.367089	0.626099	2.2458
0.392405	-0.0459597	2.2458
0.392405	0.608737	2.2458
0.417722	-0.0564527	2.2458
0.417722	0.589322	2.2458
0.443038	-0.0640318	2.2458
0.443038	0.567769	2.2458
0.468354	-0.0691971	2.2458
0.468354	0.54386	2.2458
0.493671	-0.0697781	2.2458
0.493671	0.517182	2.2458
0.518987	-0.0643697	2.2458
0.518987	0.487033	2.2458
0.544304	-0.0541498	2.2458
0.544304	0.452268	2.2458
0.56962	-0.0344659	2.2458
0.56962	0.41121	2.2458
0.594937	-0.00365601	2.2458
0.594937	0.36041	2.2458
0.620253	0.0489537	2.2458
0.620253	0.289726	2.2458

-0.521407	-0.0632911	2.2458
-0.440541	-0.0632911	2.2458
0.440541	-0.0632911	2.2458
0.521407	-0.0632911	2.2458
-0.565874	-0.0379747	2.2458
-0.375424	-0.0379747	2.2458
0.375424	-0.0379747	2.2458
0.565874	-0.0379747	2.2458
-0.58943	-0.0126582	2.2458
-0.326642	-0.0126582	2.2458
0.326642	-0.0126582	2.2458
0.58943	-0.0126582	2.2458
-0.605594	0.0126582	2.2458
-0.279009	0.0126582	2.2458
0.279009	0.0126582	2.2458
0.605594	0.0126582	2.2458
-0.616891	0.0379747	2.2458
-0.22684	0.0379747	2.2458
0.22684	0.0379747	2.2458
0.616891	0.0379747	2.2458
-0.625539	0.0632911	2.2458
-0.162646	0.0632911	2.2458
0.162646	0.0632911	2.2458
0.625539	0.0632911	2.2458
-0.631957	0.0886076	2.2458
-0.0423026	0.0886076	2.2458
0.0423026	0.0886076	2.2458
0.631957	0.0886076	2.2458
-0.636025	0.113924	2.2458
0.636025	0.113924	2.2458
-0.638237	0.139241	2.2458
0.638237	0.139241	2.2458
-0.638855	0.164557	2.2458
0.638855	0.164557	2.2458
-0.638003	0.189873	2.2458
0.638003	0.189873	2.2458
-0.635716	0.21519	2.2458
0.635716	0.21519	2.2458
-0.631974	0.240506	2.2458
0.631974	0.240506	2.2458
-0.626714	0.265823	2.2458
0.626714	0.265823	2.2458
-0.6199	0.291139	2.2458
0.6199	0.291139	2.2458
-0.612378	0.316456	2.2458
0.612378	0.316456	2.2458
-0.603057	0.341772	2.2458
0.603057	0.341772	2.2458
-0.592127	0.367089	2.2458
0.592127	0.367089	2.2458
-0.580056	0.392405	2.2458
0.580056	0.392405	2.2458
-0.566034	0.417722	2.2458
0.566034	0.417722	2.2458
-0.550546	0.443038	2.2458
0.550546	0.443038	2.2458
-0.53323	0.468354	2.2458
0.53323	0.468354	2.2458
-0.513753	0.493671	2.2458
0.513753	0.493671	2.2458
-0.49205	0.518987	2.2458
0.49205	0.518987	2.2458
-0.467903	0.544304	2.2458
0.467903	0.544304	2.2458
-0.44091	0.56962	2.2458
0.44091	0.56962	2.2458
-0.410444	0.594937	2.2458
0.410444	0.594937	2.2458
-0.375584	0.620253	2.2458
0.375584	0.620253	2.2458
-0.335046	0.64557	2.2458
0.335046	0.64557	2.2458
-0.286489	0.670886	2.2458
0.286489	0.670886	2.2458
-0.224697	0.696203	2.2458
0.224697	0.696203	2.2458
-0.132494	0.721519	2.2458
0.132494	0.721519	2.2458


-0.56962	0.0199524	2.63926
-0.56962	0.279494	2.63926
-0.544304	-0.0178521	2.63926
-0.544304	0.341486	2.63926
-0.518987	-0.0355967	2.63926
-0.518987	0.387789	2.63926
-0.493671	-0.0400338	2.63926
-0.493671	0.425666	2.63926
-0.468354	-0.0352938	2.63926
-0.468354	0.457908	2.63926
-0.443038	-0.022921	2.63926
-0.443038	0.485911	2.63926
-0.417722	-0.00478044	2.63926
-0.417722	0.510658	2.63926
-0.392405	0.0162974	2.63926
-0.392405	0.532703	2.63926
-0.367089	0.0386719	2.63926
-0.367089	0.552318	2.63926
-0.341772	0.0609826	2.63926
-0.341772	0.569596	2.63926
-0.316456	0.082327	2.63926
-0.316456	0.585817	2.63926
-0.291139	0.10223	2.63926
-0.291139	0.599827	2.63926
-0.265823	0.120506	2.63926
-0.265823	0.612608	2.63926
-0.240506	0.137056	2.63926
-0.240506	0.623645	2.63926
-0.21519	0.151582	2.63926
-0.21519	0.633841	2.63926
-0.189873	0.164647	2.63926
-0.189873	0.642262	2.63926
-0.164557	0.17557	2.63926
-0.164557	0.649757	2.63926
-0.139241	0.185084	2.63926
-0.139241	0.656316	2.63926
-0.113924	0.192897	2.63926
-0.113924	0.661539	2.63926
-0.0886076	0.198954	2.63926
-0.0886076	0.665557	2.63926
-0.0632911	0.203539	2.63926
-0.0632911	0.668477	2.63926
-0.0379747	0.206615	2.63926
-0.0379747	0.670379	2.63926
-0.0126582	0.208159	2.63926
-0.0126582	0.671394	2.63926
0.0126582	0.208159	2.63926
0.0126582	0.671394	2.63926
0.0379747	0.206615	2.63926
0.0379747	0.670379	2.63926
0.0632911	0.203539	2.63926
0.0632911	0.668477	2.63926
0.0886076	0.198954	2.63926
0.0886076	0.665557	2.63926
0.113924	0.192897	2.63926
0.113924	0.661539	2.63926
0.139241	0.185084	2.63926
0.139241	0.656316	2.63926
0.164557	0.17557	2.63926
0.164557	0.649757	2.63926
0.189873	0.164647	2.63926
0.189873	0.642262	2.63926
0.21519	0.151582	2.63926
0.21519	0.633841	2.63926
0.240506	0.137056	2.63926
0.240506	0.623645	2.63926
0.265823	0.120506	2.63926
0.265823	0.612608	2.63926
0.291139	0.10223	2.63926
0.291139	0.599827	2.63926
0.316456	0.082327	2.63926
0.316456	0.585817	2.63926
0.341772	0.0609826	2.63926
0.341772	0.569596	2.63926
0.367089	0.0386719	2.63926
0.367089	0.552318	2.63926
0.392405	0.0162974	2.63926
0.392405	0.532703	2.63926
0.417722	-0.00478044	2.63926
0.417722	0.510658	2.63926
0.443038	-0.022921	2.63926
0.443038	0.485911	2.63926
0.468354	-0.0352938	2.63926
0.468354	0.457908	2.63926
0.493671	-0.0400338	2.63926
0.493671	0.425666	2.63926
0.518987	-0.0355967	2.63926
0.518987	0.387789	2.63926
0.544304	-0.0178521	2.63926
0.544304	0.341486	2.63926
0.56962	0.0199524	2.63926
0.56962	0.279494	2.63926

-0.502399	-0.0379747	2.63926
-0.483834	-0.0379747	2.63926
0.483834	-0.0379747	2.63926
0.502399	-0.0379747	2.63926
-0.549712	-0.0126582	2.63926
-0.427107	-0.0126582	2.63926
0.427107	-0.0126582	2.63926
0.549712	-0.0126582	2.63926
-0.566939	0.0126582	2.63926
-0.396025	0.0126582	2.63926
0.396025	0.0126582	2.63926
0.566939	0.0126582	2.63926
-0.578509	0.0379747	2.63926
-0.367766	0.0379747	2.63926
0.367766	0.0379747	2.63926
0.578509	0.0379747	2.63926
-0.586088	0.0632911	2.63926
-0.338837	0.0632911	2.63926
0.338837	0.0632911	2.63926
0.586088	0.0632911	2.63926
-0.590577	0.0886076	2.63926
-0.308197	0.0886076	2.63926
0.308197	0.0886076	2.63926
0.590577	0.0886076	2.63926
-0.592983	0.113924	2.63926
-0.274794	0.113924	2.63926
0.274794	0.113924	2.63926
0.592983	0.113924	2.63926
-0.59373	0.139241	2.63926
-0.236708	0.139241	2.63926
0.236708	0.139241	2.63926
0.59373	0.139241	2.63926
-0.592974	0.164557	2.63926
-0.190051	0.164557	2.63926
0.190051	0.164557	2.63926
0.592974	0.164557	2.63926
-0.590739	0.189873	2.63926
-0.123987	0.189873	2.63926
0.123987	0.189873	2.63926
0.590739	0.189873	2.63926
-0.586968	0.21519	2.63926
0.586968	0.21519	2.63926
-0.581552	0.240506	2.63926
0.581552	0.240506	2.63926
-0.574352	0.265823	2.63926
0.574352	0.265823	2.63926
-0.565907	0.291139	2.63926
0.565907	0.291139	2.63926
-0.556193	0.316456	2.63926
0.556193	0.316456	2.63926
-0.544174	0.341772	2.63926
0.544174	0.341772	2.63926
-0.531446	0.367089	2.63926
0.531446	0.367089	2.63926
-0.51623	0.392405	2.63926
0.51623	0.392405	2.63926
-0.499481	0.417722	2.63926
0.499481	0.417722	2.63926
-0.480637	0.443038	2.63926
0.480637	0.443038	2.63926
-0.459321	0.468354	2.63926
0.459321	0.468354	2.63926
-0.435347	0.493671	2.63926
0.435347	0.493671	2.63926
-0.408298	0.518987	2.63926
0.408298	0.518987	2.63926
-0.377458	0.544304	2.63926
0.377458	0.544304	2.63926
-0.341734	0.56962	2.63926
0.341734	0.56962	2.63926
-0.299737	0.594937	2.63926
0.299737	0.594937	2.63926
-0.247928	0.620253	2.63926
0.247928	0.620253	2.63926
-0.178062	0.64557	2.63926
0.178062	0.64557	2.63926
-0.0243228	0.670886	2.63926
0.0243228	0.670886	2.63926


-0.544304	0.0152633	3.03272
-0.544304	0.242318	3.03272
-0.518987	-0.0190351	3.03272
-0.518987	0.307471	3.03272
-0.493671	-0.0279808	3.03272
-0.493671	0.354688	3.03272
-0.468354	-0.0127467	3.03272
-0.468354	0.392432	3.03272
-0.443038	0.0117178	3.03272
-0.443038	0.424886	3.03272
-0.417722	0.0430222	3.03272
-0.417722	0.45279	3.03272
-0.392405	0.0756567	3.03272
-0.392405	0.477205	3.03272
-0.367089	0.106853	3.03272
-0.367089	0.498686	3.03272
-0.341772	0.135484	3.03272
-0.341772	0.517707	3.03272
-0.316456	0.161182	3.03272
-0.316456	0.535261	3.03272
-0.291139	0.18397	3.03272
-0.291139	0.550402	3.03272
-0.265823	0.204085	3.03272
-0.265823	0.564027	3.03272
-0.240506	0.221894	3.03272
-0.240506	0.576062	3.03272
-0.21519	0.237551	3.03272
-0.21519	0.586788	3.03272
-0.189873	0.250781	3.03272
-0.189873	0.595505	3.03272
-0.164557	0.262462	3.03272
-0.164557	0.603985	3.03272
-0.139241	0.271998	3.03272
-0.139241	0.61077	3.03272
-0.113924	0.279842	3.03272
-0.113924	0.616078	3.03272
-0.0886076	0.286239	3.03272
-0.0886076	0.620093	3.03272
-0.0632911	0.291105	3.03272
-0.0632911	0.623631	3.03272
-0.0379747	0.294019	3.03272
-0.0379747	0.625958	3.03272
-0.0126582	0.295485	3.03272
-0.0126582	0.627104	3.03272
0.0126582	0.295485	3.03272
0.0126582	0.627104	3.03272
0.0379747	0.294019	3.03272
0.0379747	0.625958	3.03272
0.0632911	0.291105	3.03272
0.0632911	0.623631	3.03272
0.0886076	0.286239	3.03272
0.0886076	0.620093	3.03272
0.113924	0.279842	3.03272
0.113924	0.616078	3.03272
0.139241	0.271998	3.03272
0.139241	0.61077	3.03272
0.164557	0.262462	3.03272
0.164557	0.603985	3.03272
0.189873	0.250781	3.03272
0.189873	0.595505	3.03272
0.21519	0.237551	3.03272
0.21519	0.586788	3.03272
0.240506	0.221894	3.03272
0.240506	0.576062	3.03272
0.265823	0.204085	3.03272
0.265823	0.564027	3.03272
0.291139	0.18397	3.03272
0.291139	0.550402	3.03272
0.316456	0.161182	3.03272
0.316456	0.535261	3.03272
0.341772	0.135484	3.03272
0.341772	0.517707	3.03272
0.367089	0.106853	3.03272
0.367089	0.498686	3.03272
0.392405	0.0756567	3.03272
0.392405	0.477205	3.03272
0.417722	0.0430222	3.03272
0.417722	0.45279	3.03272
0.443038	0.0117178	3.03272
0.443038	0.424886	3.03272
0.468354	-0.0127467	3.03272
0.468354	0.392432	3.03272
0.493671	-0.0279808	3.03272
0.493671	0.354688	3.03272
0.518987	-0.0190351	3.03272
0.518987	0.307471	3.03272
0.544304	0.0152633	3.03272
0.544304	0.242318	3.03272

-0.526935	-0.0126582	3.03272
-0.468217	-0.0126582	3.03272
0.468217	-0.0126582	3.03272
0.526935	-0.0126582	3.03272
-0.54365	0.0126582	3.03272
-0.441975	0.0126582	3.03272
0.441975	0.0126582	3.03272
0.54365	0.0126582	3.03272
-0.554725	0.0379747	3.03272
-0.420837	0.0379747	3.03272
0.420837	0.0379747	3.03272
0.554725	0.0379747	3.03272
-0.560647	0.0632911	3.03272
-0.400926	0.0632911	3.03272
0.400926	0.0632911	3.03272
0.560647	0.0632911	3.03272
-0.563664	0.0886076	3.03272
-0.381188	0.0886076	3.03272
0.381188	0.0886076	3.03272
0.563664	0.0886076	3.03272
-0.564722	0.113924	3.03272
-0.360504	0.113924	3.03272
0.360504	0.113924	3.03272
0.564722	0.113924	3.03272
-0.564133	0.139241	3.03272
-0.337952	0.139241	3.03272
0.337952	0.139241	3.03272
0.564133	0.139241	3.03272
-0.561956	0.164557	3.03272
-0.312665	0.164557	3.03272
0.312665	0.164557	3.03272
0.561956	0.164557	3.03272
-0.558128	0.189873	3.03272
-0.28375	0.189873	3.03272
0.28375	0.189873	3.03272
0.558128	0.189873	3.03272
-0.552513	0.21519	3.03272
-0.250194	0.21519	3.03272
0.250194	0.21519	3.03272
0.552513	0.21519	3.03272
-0.544933	0.240506	3.03272
-0.209749	0.240506	3.03272
0.209749	0.240506	3.03272
0.544933	0.240506	3.03272
-0.537018	0.265823	3.03272
-0.156042	0.265823	3.03272
0.156042	0.265823	3.03272
0.537018	0.265823	3.03272
-0.526856	0.291139	3.03272
-0.0630236	0.291139	3.03272
0.0630236	0.291139	3.03272
0.526856	0.291139	3.03272
-0.514935	0.316456	3.03272
0.514935	0.316456	3.03272
-0.501576	0.341772	3.03272
0.501576	0.341772	3.03272
-0.486223	0.367089	3.03272
0.486223	0.367089	3.03272
-0.468375	0.392405	3.03272
0.468375	0.392405	3.03272
-0.449077	0.417722	3.03272
0.449077	0.417722	3.03272
-0.426971	0.443038	3.03272
0.426971	0.443038	3.03272
-0.401818	0.468354	3.03272
0.401818	0.468354	3.03272
-0.373062	0.493671	3.03272
0.373062	0.493671	3.03272
-0.339874	0.518987	3.03272
0.339874	0.518987	3.03272
-0.301042	0.544304	3.03272
0.301042	0.544304	3.03272
-0.253526	0.56962	3.03272
0.253526	0.56962	3.03272
-0.19136	0.594937	3.03272
0.19136	0.594937	3.03272
-0.0872456	0.620253	3.03272
0.0872456	0.620253	3.03272


-0.518987	-0.00404259	3.42617
-0.518987	0.238661	3.42617
-0.493671	-0.0171701	3.42617
-0.493671	0.298077	3.42617
-0.468354	0.00717162	3.42617
-0.468354	0.342115	3.42617
-0.443038	0.0485694	3.42617
-0.443038	0.378735	3.42617
-0.417722	0.0925885	3.42617
-0.417722	0.40939	3.42617
-0.392405	0.1327	3.42617
-0.392405	0.43593	3.42617
-0.367089	0.167816	3.42617
-0.367089	0.459304	3.42617
-0.341772	0.198084	3.42617
-0.341772	0.479916	3.42617
-0.316456	0.224522	3.42617
-0.316456	0.497827	3.42617
-0.291139	0.247641	3.42617
-0.291139	0.514166	3.42617
-0.265823	0.268025	3.42617
-0.265823	0.528716	3.42617
-0.240506	0.285432	3.42617
-0.240506	0.541089	3.42617
-0.21519	0.300513	3.42617
-0.21519	0.5525	3.42617
-0.189873	0.313998	3.42617
-0.189873	0.562257	3.42617
-0.164557	0.324875	3.42617
-0.164557	0.56989	3.42617
-0.139241	0.334352	3.42617
-0.139241	0.577591	3.42617
-0.113924	0.342429	3.42617
-0.113924	0.583559	3.42617
-0.0886076	0.348114	3.42617
-0.0886076	0.588032	3.42617
-0.0632911	0.352508	3.42617
-0.0632911	0.591206	3.42617
-0.0379747	0.355497	3.42617
-0.0379747	0.593233	3.42617
-0.0126582	0.357008	3.42617
-0.0126582	0.59422	3.42617
0.0126582	0.357008	3.42617
0.0126582	0.59422	3.42617
0.0379747	0.355497	3.42617
0.0379747	0.593233	3.42617
0.0632911	0.352508	3.42617
0.0632911	0.591206	3.42617
0.0886076	0.348114	3.42617
0.0886076	0.588032	3.42617
0.113924	0.342429	3.42617
0.113924	0.583559	3.42617
0.139241	0.334352	3.42617
0.139241	0.577591	3.42617
0.164557	0.324875	3.42617
0.164557	0.56989	3.42617
0.189873	0.313998	3.42617
0.189873	0.562257	3.42617
0.21519	0.300513	3.42617
0.21519	0.5525	3.42617
0.240506	0.285432	3.42617
0.240506	0.541089	3.42617
0.265823	0.268025	3.42617
0.265823	0.528716	3.42617
0.291139	0.247641	3.42617
0.291139	0.514166	3.42617
0.316456	0.224522	3.42617
0.316456	0.497827	3.42617
0.341772	0.198084	3.42617
0.341772	0.479916	3.42617
0.367089	0.167816	3.42617
0.367089	0.459304	3.42617
0.392405	0.1327	3.42617
0.392405	0.43593	3.42617
0.417722	0.0925885	3.42617
0.417722	0.40939	3.42617
0.443038	0.0485694	3.42617
0.443038	0.378735	3.42617
0.468354	0.00717162	3.42617
0.468354	0.342115	3.42617
0.493671	-0.0171701	3.42617
0.493671	0.298077	3.42617
0.518987	-0.00404259	3.42617
0.518987	0.238661	3.42617

-0.503906	-0.0126582	3.42617
-0.486196	-0.0126582	3.42617
0.486196	-0.0126582	3.42617
0.503906	-0.0126582	3.42617
-0.532399	0.0126582	3.42617
-0.462763	0.0126582	3.42617
0.462763	0.0126582	3.42617
0.532399	0.0126582	3.42617
-0.53928	0.0379747	3.42617
-0.447411	0.0379747	3.42617
0.447411	0.0379747	3.42617
0.53928	0.0379747	3.42617
-0.542475	0.0632911	3.42617
-0.433174	0.0632911	3.42617
0.433174	0.0632911	3.42617
0.542475	0.0632911	3.42617
-0.543842	0.0886076	3.42617
-0.419627	0.0886076	3.42617
0.419627	0.0886076	3.42617
0.543842	0.0886076	3.42617
-0.543773	0.113924	3.42617
-0.403515	0.113924	3.42617
0.403515	0.113924	3.42617
0.543773	0.113924	3.42617
-0.542277	0.139241	3.42617
-0.387462	0.139241	3.42617
0.387462	0.139241	3.42617
0.542277	0.139241	3.42617
-0.539206	0.164557	3.42617
-0.369354	0.164557	3.42617
0.369354	0.164557	3.42617
0.539206	0.164557	3.42617
-0.534345	0.189873	3.42617
-0.348507	0.189873	3.42617
0.348507	0.189873	3.42617
0.534345	0.189873	3.42617
-0.527439	0.21519	3.42617
-0.32539	0.21519	3.42617
0.32539	0.21519	3.42617
0.527439	0.21519	3.42617
-0.518433	0.240506	3.42617
-0.299076	0.240506	3.42617
0.299076	0.240506	3.42617
0.518433	0.240506	3.42617
-0.509424	0.265823	3.42617
-0.26867	0.265823	3.42617
0.26867	0.265823	3.42617
0.509424	0.265823	3.42617
-0.497389	0.291139	3.42617
-0.231358	0.291139	3.42617
0.231358	0.291139	3.42617
0.497389	0.291139	3.42617
-0.484516	0.316456	3.42617
-0.184588	0.316456	3.42617
0.184588	0.316456	3.42617
0.484516	0.316456	3.42617
-0.468583	0.341772	3.42617
-0.116248	0.341772	3.42617
0.116248	0.341772	3.42617
0.468583	0.341772	3.42617
-0.451933	0.367089	3.42617
0.451933	0.367089	3.42617
-0.432416	0.392405	3.42617
0.432416	0.392405	3.42617
-0.410134	0.417722	3.42617
0.410134	0.417722	3.42617
-0.384861	0.443038	3.42617
0.384861	0.443038	3.42617
-0.355945	0.468354	3.42617
0.355945	0.468354	3.42617
-0.322185	0.493671	3.42617
0.322185	0.493671	3.42617
-0.282265	0.518987	3.42617
0.282265	0.518987	3.42617
-0.232688	0.544304	3.42617
0.232688	0.544304	3.42617
-0.165323	0.56962	3.42617
0.165323	0.56962	3.42617


-0.518987	0.00996751	3.81963
-0.518987	0.175624	3.81963
-0.493671	-0.0094181	3.81963
-0.493671	0.252491	3.81963
-0.468354	0.0306417	3.81963
-0.468354	0.303444	3.81963
-0.443038	0.0883078	3.81963
-0.443038	0.342825	3.81963
-0.417722	0.139044	3.81963
-0.417722	0.376555	3.81963
-0.392405	0.180569	3.81963
-0.392405	0.405054	3.81963
-0.367089	0.216158	3.81963
-0.367089	0.429768	3.81963
-0.341772	0.245783	3.81963
-0.341772	0.451333	3.81963
-0.316456	0.271572	3.81963
-0.316456	0.469891	3.81963
-0.291139	0.294178	3.81963
-0.291139	0.487452	3.81963
-0.265823	0.313793	3.81963
-0.265823	0.50247	3.81963
-0.240506	0.330283	3.81963
-0.240506	0.5154	3.81963
-0.21519	0.345335	3.81963
-0.21519	0.527239	3.81963
-0.189873	0.357759	3.81963
-0.189873	0.537383	3.81963
-0.164557	0.369028	3.81963
-0.164557	0.545189	3.81963
-0.139241	0.377565	3.81963
-0.139241	0.553308	3.81963
-0.113924	0.385195	3.81963
-0.113924	0.559473	3.81963
-0.0886076	0.391601	3.81963
-0.0886076	0.563991	3.81963
-0.0632911	0.395617	3.81963
-0.0632911	0.567126	3.81963
-0.0379747	0.398266	3.81963
-0.0379747	0.56909	3.81963
-0.0126582	0.399619	3.81963
-0.0126582	0.570223	3.81963
0.0126582	0.399619	3.81963
0.0126582	0.570223	3.81963
0.0379747	0.398266	3.81963
0.0379747	0.56909	3.81963
0.0632911	0.395617	3.81963
0.0632911	0.567126	3.81963
0.0886076	0.391601	3.81963
0.0886076	0.563991	3.81963
0.113924	0.385195	3.81963
0.113924	0.559473	3.81963
0.139241	0.377565	3.81963
0.139241	0.553308	3.81963
0.164557	0.369028	3.81963
0.164557	0.545189	3.81963
0.189873	0.357759	3.81963
0.189873	0.537383	3.81963
0.21519	0.345335	3.81963
0.21519	0.527239	3.81963
0.240506	0.330283	3.81963
0.240506	0.5154	3.81963
0.265823	0.313793	3.81963
0.265823	0.50247	3.81963
0.291139	0.294178	3.81963
0.291139	0.487452	3.81963
0.316456	0.271572	3.81963
0.316456	0.469891	3.81963
0.341772	0.245783	3.81963
0.341772	0.451333	3.81963
0.367089	0.216158	3.81963
0.367089	0.429768	3.81963
0.392405	0.180569	3.81963
0.392405	0.405054	3.81963
0.417722	0.139044	3.81963
0.417722	0.376555	3.81963
0.443038	0.0883078	3.81963
0.443038	0.342825	3.81963
0.468354	0.0306417	3.81963
0.468354	0.303444	3.81963
0.493671	-0.0094181	3.81963
0.493671	0.252491	3.81963
0.518987	0.00996751	3.81963
0.518987	0.175624	3.81963

-0.521148	0.0126582	3.81963
-0.472261	0.0126582	3.81963
0.472261	0.0126582	3.81963
0.521148	0.0126582	3.81963
-0.529096	0.0379747	3.81963
-0.463579	0.0379747	3.81963
0.463579	0.0379747	3.81963
0.529096	0.0379747	3.81963
-0.531912	0.0632911	3.81963
-0.451826	0.0632911	3.81963
0.451826	0.0632911	3.81963
0.531912	0.0632911	3.81963
-0.532276	0.0886076	3.81963
-0.442864	0.0886076	3.81963
0.442864	0.0886076	3.81963
0.532276	0.0886076	3.81963
-0.530747	0.113924	3.81963
-0.429184	0.113924	3.81963
0.429184	0.113924	3.81963
0.530747	0.113924	3.81963
-0.527375	0.139241	3.81963
-0.417596	0.139241	3.81963
0.417596	0.139241	3.81963
0.527375	0.139241	3.81963
-0.522023	0.164557	3.81963
-0.401577	0.164557	3.81963
0.401577	0.164557	3.81963
0.522023	0.164557	3.81963
-0.516171	0.189873	3.81963
-0.385562	0.189873	3.81963
0.385562	0.189873	3.81963
0.516171	0.189873	3.81963
-0.509134	0.21519	3.81963
-0.367773	0.21519	3.81963
0.367773	0.21519	3.81963
0.509134	0.21519	3.81963
-0.49924	0.240506	3.81963
-0.346233	0.240506	3.81963
0.346233	0.240506	3.81963
0.49924	0.240506	3.81963
-0.488469	0.265823	3.81963
-0.322189	0.265823	3.81963
0.322189	0.265823	3.81963
0.488469	0.265823	3.81963
-0.475709	0.291139	3.81963
-0.294696	0.291139	3.81963
0.294696	0.291139	3.81963
0.475709	0.291139	3.81963
-0.461244	0.316456	3.81963
-0.262031	0.316456	3.81963
0.262031	0.316456	3.81963
0.461244	0.316456	3.81963
-0.443804	0.341772	3.81963
-0.221757	0.341772	3.81963
0.221757	0.341772	3.81963
0.443804	0.341772	3.81963
-0.425554	0.367089	3.81963
-0.169534	0.367089	3.81963
0.169534	0.367089	3.81963
0.425554	0.367089	3.81963
-0.404199	0.392405	3.81963
-0.0843832	0.392405	3.81963
0.0843832	0.392405	3.81963
0.404199	0.392405	3.81963
-0.379689	0.417722	3.81963
0.379689	0.417722	3.81963
-0.351499	0.443038	3.81963
0.351499	0.443038	3.81963
-0.318481	0.468354	3.81963
0.318481	0.468354	3.81963
-0.27998	0.493671	3.81963
0.27998	0.493671	3.81963
-0.231891	0.518987	3.81963
0.231891	0.518987	3.81963
-0.166933	0.544304	3.81963
0.166933	0.544304	3.81963
-0.0238863	0.56962	3.81963
0.0238863	0.56962	3.81963


-0.518987	0.0387887	4.21309
-0.518987	0.103922	4.21309
-0.493671	-0.00385704	4.21309
-0.493671	0.214965	4.21309
-0.468354	0.058281	4.21309
-0.468354	0.272858	4.21309
-0.443038	0.124468	4.21309
-0.443038	0.315648	4.21309
-0.417722	0.175644	4.21309
-0.417722	0.351709	4.21309
-0.392405	0.217223	4.21309
-0.392405	0.381769	4.21309
-0.367089	0.250758	4.21309
-0.367089	0.407646	4.21309
-0.341772	0.27974	4.21309
-0.341772	0.430251	4.21309
-0.316456	0.304661	4.21309
-0.316456	0.449772	4.21309
-0.291139	0.326281	4.21309
-0.291139	0.466808	4.21309
-0.265823	0.345548	4.21309
-0.265823	0.483223	4.21309
-0.240506	0.362018	4.21309
-0.240506	0.495809	4.21309
-0.21519	0.375824	4.21309
-0.21519	0.508794	4.21309
-0.189873	0.388738	4.21309
-0.189873	0.518011	4.21309
-0.164557	0.398741	4.21309
-0.164557	0.527782	4.21309
-0.139241	0.407465	4.21309
-0.139241	0.535517	4.21309
-0.113924	0.415436	4.21309
-0.113924	0.541073	4.21309
-0.0886076	0.420828	4.21309
-0.0886076	0.545248	4.21309
-0.0632911	0.424624	4.21309
-0.0632911	0.549531	4.21309
-0.0379747	0.427294	4.21309
-0.037974