-0.89899 -0.200891 5.82609
-0.900189 -0.191919 5.82609

-0.900189 -0.191919 5.82609
-0.902512 -0.171717 5.82609

-0.902512 -0.171717 5.82609
-0.90449 -0.151515 5.82609

-0.90449 -0.151515 5.82609
-0.906152 -0.131313 5.82609

-0.906152 -0.131313 5.82609
-0.907525 -0.111111 5.82609

-0.907525 -0.111111 5.82609
-0.908633 -0.0909091 5.82609

-0.908633 -0.0909091 5.82609
-0.909495 -0.0707071 5.82609

-0.909495 -0.0707071 5.82609
-0.910127 -0.0505051 5.82609

-0.910127 -0.0505051 5.82609
-0.910542 -0.030303 5.82609

-0.910542 -0.030303 5.82609
-0.910747 -0.010101 5.82609

-0.910747 -0.010101 5.82609
-0.910747 0.010101 5.82609

-0.910747 0.010101 5.82609
-0.910542 0.030303 5.82609

-0.910542 0.030303 5.82609
-0.910127 0.0505051 5.82609

-0.910127 0.0505051 5.82609
-0.909495 0.0707071 5.82609

-0.909495 0.0707071 5.82609
-0.908633 0.0909091 5.82609

-0.908633 0.0909091 5.82609
-0.907525 0.111111 5.82609

-0.907525 0.111111 5.82609
-0.906152 0.131313 5.82609

-0.906152 0.131313 5.82609
-0.90449 0.151515 5.82609

-0.90449 0.151515 5.82609
-0.902512 0.171717 5.82609

-0.902512 0.171717 5.82609
-0.900189 0.191919 5.82609

-0.900189 0.191919 5.82609
-0.89899 0.200891 5.82609

-0.878788 -0.310235 5.82609
-0.883011 -0.292929 5.82609

-0.883011 -0.292929 5.82609
-0.88738 -0.272727 5.82609

-0.88738 -0.272727 5.82609
-0.891231 -0.252525 5.82609

-0.891231 -0.252525 5.82609
-0.894612 -0.232323 5.82609

-0.894612 -0.232323 5.82609
-0.897564 -0.212121 5.82609

-0.89899 -0.200891 5.82609
-0.897564 -0.212121 5.82609

-0.89899 0.200891 5.82609
-0.897564 0.212121 5.82609

-0.897564 0.212121 5.82609
-0.894612 0.232323 5.82609

-0.894612 0.232323 5.82609
-0.891231 0.252525 5.82609

-0.891231 0.252525 5.82609
-0.88738 0.272727 5.82609

-0.88738 0.272727 5.82609
-0.883011 0.292929 5.82609

-0.883011 0.292929 5.82609
-0.878788 0.310235 5.82609

-0.858586 -0.37865 5.82609
-0.860354 -0.373737 5.82609

-0.860354 -0.373737 5.82609
-0.866969 -0.353535 5.82609

-0.866969 -0.353535 5.82609
-0.872867 -0.333333 5.82609

-0.872867 -0.333333 5.82609
-0.878113 -0.313131 5.82609

-0.878788 -0.310235 5.82609
-0.878113 -0.313131 5.82609

-0.878788 0.310235 5.82609
-0.878113 0.313131 5.82609

-0.878113 0.313131 5.82609
-0.872867 0.333333 5.82609

-0.872867 0.333333 5.82609
-0.866969 0.353535 5.82609

-0.866969 0.353535 5.82609
-0.860354 0.373737 5.82609

-0.860354 0.373737 5.82609
-0.858586 0.37865 5.82609

-0.838384 -0.430598 5.82609
-0.845455 -0.414141 5.82609

-0.845455 -0.414141 5.82609
-0.853271 -0.393939 5.82609

-0.858586 -0.37865 5.82609
-0.853271 -0.393939 5.82609

-0.858586 0.37865 5.82609
-0.853271 0.393939 5.82609

-0.853271 0.393939 5.82609
-0.845455 0.414141 5.82609

-0.845455 0.414141 5.82609
-0.838384 0.430598 5.82609

-0.818182 -0.473078 5.82609
-0.827595 -0.454545 5.82609

-0.827595 -0.454545 5.82609
-0.836815 -0.434343 5.82609

-0.838384 -0.430598 5.82609
-0.836815 -0.434343 5.82609

-0.838384 0.430598 5.82609
-0.836815 0.434343 5.82609

-0.836815 0.434343 5.82609
-0.827595 0.454545 5.82609

-0.827595 0.454545 5.82609
-0.818182 0.473078 5.82609

-0.79798 -0.509201 5.82609
-0.806444 -0.494949 5.82609

-0.806444 -0.494949 5.82609
-0.817346 -0.474747 5.82609

-0.818182 -0.473078 5.82609
-0.817346 -0.474747 5.82609

-0.818182 0.473078 5.82609
-0.817346 0.474747 5.82609

-0.817346 0.474747 5.82609
-0.806444 0.494949 5.82609

-0.806444 0.494949 5.82609
-0.79798 0.509201 5.82609

-0.777778 -0.540776 5.82609
-0.781501 -0.535354 5.82609

-0.781501 -0.535354 5.82609
-0.79445 -0.515152 5.82609

-0.79798 -0.509201 5.82609
-0.79445 -0.515152 5.82609

-0.79798 0.509201 5.82609
-0.79445 0.515152 5.82609

-0.79445 0.515152 5.82609
-0.781501 0.535354 5.82609

-0.781501 0.535354 5.82609
-0.777778 0.540776 5.82609

-0.757576 -0.568817 5.82609
-0.767507 -0.555556 5.82609

-0.777778 -0.540776 5.82609
-0.767507 -0.555556 5.82609

-0.777778 0.540776 5.82609
-0.767507 0.555556 5.82609

-0.767507 0.555556 5.82609
-0.757576 0.568817 5.82609

-0.737374 -0.594011 5.82609
-0.75227 -0.575758 5.82609

-0.757576 -0.568817 5.82609
-0.75227 -0.575758 5.82609

-0.757576 0.568817 5.82609
-0.75227 0.575758 5.82609

-0.75227 0.575758 5.82609
-0.737374 0.594011 5.82609

-0.717172 -0.616872 5.82609
-0.717829 -0.616162 5.82609

-0.717829 -0.616162 5.82609
-0.735735 -0.59596 5.82609

-0.737374 -0.594011 5.82609
-0.735735 -0.59596 5.82609

-0.737374 0.594011 5.82609
-0.735735 0.59596 5.82609

-0.735735 0.59596 5.82609
-0.717829 0.616162 5.82609

-0.717829 0.616162 5.82609
-0.717172 0.616872 5.82609

-0.69697 -0.637786 5.82609
-0.698395 -0.636364 5.82609

-0.717172 -0.616872 5.82609
-0.698395 -0.636364 5.82609

-0.717172 0.616872 5.82609
-0.698395 0.636364 5.82609

-0.698395 0.636364 5.82609
-0.69697 0.637786 5.82609

-0.676768 -0.656989 5.82609
-0.677226 -0.656566 5.82609

-0.69697 -0.637786 5.82609
-0.677226 -0.656566 5.82609

-0.69697 0.637786 5.82609
-0.677226 0.656566 5.82609

-0.677226 0.656566 5.82609
-0.676768 0.656989 5.82609

-0.676768 -0.656989 5.82609
-0.656566 -0.674766 5.82609

-0.676768 0.656989 5.82609
-0.656566 0.674766 5.82609

-0.636364 -0.691275 5.82609
-0.65415 -0.676768 5.82609

-0.656566 -0.674766 5.82609
-0.65415 -0.676768 5.82609

-0.656566 0.674766 5.82609
-0.65415 0.676768 5.82609

-0.65415 0.676768 5.82609
-0.636364 0.691275 5.82609

-0.616162 -0.706614 5.82609
-0.628899 -0.69697 5.82609

-0.636364 -0.691275 5.82609
-0.628899 -0.69697 5.82609

-0.636364 0.691275 5.82609
-0.628899 0.69697 5.82609

-0.628899 0.69697 5.82609
-0.616162 0.706614 5.82609

-0.59596 -0.72086 5.82609
-0.601191 -0.717172 5.82609

-0.616162 -0.706614 5.82609
-0.601191 -0.717172 5.82609

-0.616162 0.706614 5.82609
-0.601191 0.717172 5.82609

-0.601191 0.717172 5.82609
-0.59596 0.72086 5.82609

-0.59596 -0.72086 5.82609
-0.575758 -0.73423 5.82609

-0.59596 0.72086 5.82609
-0.575758 0.73423 5.82609

-0.555556 -0.746838 5.82609
-0.570681 -0.737374 5.82609

-0.575758 -0.73423 5.82609
-0.570681 -0.737374 5.82609

-0.575758 0.73423 5.82609
-0.570681 0.737374 5.82609

-0.570681 0.737374 5.82609
-0.555556 0.746838 5.82609

-0.535354 -0.758541 5.82609
-0.536997 -0.757576 5.82609

-0.555556 -0.746838 5.82609
-0.536997 -0.757576 5.82609

-0.555556 0.746838 5.82609
-0.536997 0.757576 5.82609

-0.536997 0.757576 5.82609
-0.535354 0.758541 5.82609

-0.535354 -0.758541 5.82609
-0.515152 -0.769774 5.82609

-0.535354 0.758541 5.82609
-0.515152 0.769774 5.82609

-0.494949 -0.780229 5.82609
-0.499609 -0.777778 5.82609

-0.515152 -0.769774 5.82609
-0.499609 -0.777778 5.82609

-0.515152 0.769774 5.82609
-0.499609 0.777778 5.82609

-0.499609 0.777778 5.82609
-0.494949 0.780229 5.82609

-0.494949 -0.780229 5.82609
-0.474747 -0.790271 5.82609

-0.494949 0.780229 5.82609
-0.474747 0.790271 5.82609

-0.454545 -0.799668 5.82609
-0.458099 -0.79798 5.82609

-0.474747 -0.790271 5.82609
-0.458099 -0.79798 5.82609

-0.474747 0.790271 5.82609
-0.458099 0.79798 5.82609

-0.458099 0.79798 5.82609
-0.454545 0.799668 5.82609

-0.454545 -0.799668 5.82609
-0.434343 -0.808782 5.82609

-0.454545 0.799668 5.82609
-0.434343 0.808782 5.82609

-0.434343 -0.808782 5.82609
-0.414141 -0.817306 5.82609

-0.434343 0.808782 5.82609
-0.414141 0.817306 5.82609

-0.393939 -0.825649 5.82609
-0.411965 -0.818182 5.82609

-0.414141 -0.817306 5.82609
-0.411965 -0.818182 5.82609

-0.414141 0.817306 5.82609
-0.411965 0.818182 5.82609

-0.411965 0.818182 5.82609
-0.393939 0.825649 5.82609

-0.393939 -0.825649 5.82609
-0.373737 -0.833548 5.82609

-0.393939 0.825649 5.82609
-0.373737 0.833548 5.82609

-0.353535 -0.841132 5.82609
-0.360729 -0.838384 5.82609

-0.373737 -0.833548 5.82609
-0.360729 -0.838384 5.82609

-0.373737 0.833548 5.82609
-0.360729 0.838384 5.82609

-0.360729 0.838384 5.82609
-0.353535 0.841132 5.82609

-0.353535 -0.841132 5.82609
-0.333333 -0.848524 5.82609

-0.353535 0.841132 5.82609
-0.333333 0.848524 5.82609

-0.333333 -0.848524 5.82609
-0.313131 -0.855544 5.82609

-0.333333 0.848524 5.82609
-0.313131 0.855544 5.82609

-0.292929 -0.862375 5.82609
-0.304011 -0.858586 5.82609

-0.313131 -0.855544 5.82609
-0.304011 -0.858586 5.82609

-0.313131 0.855544 5.82609
-0.304011 0.858586 5.82609

-0.304011 0.858586 5.82609
-0.292929 0.862375 5.82609

-0.292929 -0.862375 5.82609
-0.272727 -0.868995 5.82609

-0.292929 0.862375 5.82609
-0.272727 0.868995 5.82609

-0.272727 -0.868995 5.82609
-0.252525 -0.875294 5.82609

-0.272727 0.868995 5.82609
-0.252525 0.875294 5.82609

-0.232323 -0.881381 5.82609
-0.240821 -0.878788 5.82609

-0.252525 -0.875294 5.82609
-0.240821 -0.878788 5.82609

-0.252525 0.875294 5.82609
-0.240821 0.878788 5.82609

-0.240821 0.878788 5.82609
-0.232323 0.881381 5.82609

-0.232323 -0.881381 5.82609
-0.212121 -0.887289 5.82609

-0.232323 0.881381 5.82609
-0.212121 0.887289 5.82609

-0.212121 -0.887289 5.82609
-0.191919 -0.892873 5.82609

-0.212121 0.887289 5.82609
-0.191919 0.892873 5.82609

-0.191919 -0.892873 5.82609
-0.171717 -0.898127 5.82609

-0.191919 0.892873 5.82609
-0.171717 0.898127 5.82609

-0.151515 -0.903216 5.82609
-0.16823 -0.89899 5.82609

-0.171717 -0.898127 5.82609
-0.16823 -0.89899 5.82609

-0.171717 0.898127 5.82609
-0.16823 0.89899 5.82609

-0.16823 0.89899 5.82609
-0.151515 0.903216 5.82609

-0.151515 -0.903216 5.82609
-0.131313 -0.907982 5.82609

-0.151515 0.903216 5.82609
-0.131313 0.907982 5.82609

-0.131313 -0.907982 5.82609
-0.111111 -0.912376 5.82609

-0.131313 0.907982 5.82609
-0.111111 0.912376 5.82609

-0.111111 -0.912376 5.82609
-0.0909091 -0.916383 5.82609

-0.111111 0.912376 5.82609
-0.0909091 0.916383 5.82609

-0.0707071 -0.920027 5.82609
-0.075238 -0.919192 5.82609

-0.0909091 -0.916383 5.82609
-0.075238 -0.919192 5.82609

-0.0909091 0.916383 5.82609
-0.075238 0.919192 5.82609

-0.075238 0.919192 5.82609
-0.0707071 0.920027 5.82609

-0.0707071 -0.920027 5.82609
-0.0505051 -0.92338 5.82609

-0.0707071 0.920027 5.82609
-0.0505051 0.92338 5.82609

-0.0505051 -0.92338 5.82609
-0.030303 -0.926295 5.82609

-0.0505051 0.92338 5.82609
-0.030303 0.926295 5.82609

-0.030303 -0.926295 5.82609
-0.010101 -0.928756 5.82609

-0.030303 0.926295 5.82609
-0.010101 0.928756 5.82609

-0.010101 -0.928756 5.82609
0.010101 -0.93075 5.82609

-0.010101 0.928756 5.82609
0.010101 0.93075 5.82609

0.010101 -0.93075 5.82609
0.030303 -0.932265 5.82609

0.010101 0.93075 5.82609
0.030303 0.932265 5.82609

0.030303 -0.932265 5.82609
0.0505051 -0.933287 5.82609

0.030303 0.932265 5.82609
0.0505051 0.933287 5.82609

0.0505051 -0.933287 5.82609
0.0707071 -0.933805 5.82609

0.0505051 0.933287 5.82609
0.0707071 0.933805 5.82609

0.0707071 -0.933805 5.82609
0.0909091 -0.933802 5.82609

0.0707071 0.933805 5.82609
0.0909091 0.933802 5.82609

0.0909091 -0.933802 5.82609
0.111111 -0.933263 5.82609

0.0909091 0.933802 5.82609
0.111111 0.933263 5.82609

0.111111 -0.933263 5.82609
0.131313 -0.932169 5.82609

0.111111 0.933263 5.82609
0.131313 0.932169 5.82609

0.131313 -0.932169 5.82609
0.151515 -0.930497 5.82609

0.131313 0.932169 5.82609
0.151515 0.930497 5.82609

0.151515 -0.930497 5.82609
0.171717 -0.928221 5.82609

0.151515 0.930497 5.82609
0.171717 0.928221 5.82609

0.171717 -0.928221 5.82609
0.191919 -0.925311 5.82609

0.171717 0.928221 5.82609
0.191919 0.925311 5.82609

0.191919 -0.925311 5.82609
0.212121 -0.921733 5.82609

0.191919 0.925311 5.82609
0.212121 0.921733 5.82609

0.212121 -0.921733 5.82609
0.224182 -0.919192 5.82609

0.224182 -0.919192 5.82609
0.232323 -0.917555 5.82609

0.232323 0.917555 5.82609
0.224182 0.919192 5.82609

0.212121 0.921733 5.82609
0.224182 0.919192 5.82609

0.232323 -0.917555 5.82609
0.252525 -0.912823 5.82609

0.232323 0.917555 5.82609
0.252525 0.912823 5.82609

0.252525 -0.912823 5.82609
0.272727 -0.907329 5.82609

0.252525 0.912823 5.82609
0.272727 0.907329 5.82609

0.272727 -0.907329 5.82609
0.292929 -0.901022 5.82609

0.272727 0.907329 5.82609
0.292929 0.901022 5.82609

0.292929 -0.901022 5.82609
0.298782 -0.89899 5.82609

0.298782 -0.89899 5.82609
0.313131 -0.89414 5.82609

0.313131 0.89414 5.82609
0.298782 0.89899 5.82609

0.292929 0.901022 5.82609
0.298782 0.89899 5.82609

0.313131 -0.89414 5.82609
0.333333 -0.886474 5.82609

0.313131 0.89414 5.82609
0.333333 0.886474 5.82609

0.333333 -0.886474 5.82609
0.351415 -0.878788 5.82609

0.351415 -0.878788 5.82609
0.353535 -0.8779 5.82609

0.353535 0.8779 5.82609
0.351415 0.878788 5.82609

0.333333 0.886474 5.82609
0.351415 0.878788 5.82609

0.353535 -0.8779 5.82609
0.373737 -0.868735 5.82609

0.353535 0.8779 5.82609
0.373737 0.868735 5.82609

0.373737 -0.868735 5.82609
0.393786 -0.858586 5.82609

0.393786 -0.858586 5.82609
0.393939 -0.858508 5.82609

0.393939 0.858508 5.82609
0.393786 0.858586 5.82609

0.373737 0.868735 5.82609
0.393786 0.858586 5.82609

0.393939 -0.858508 5.82609
0.414141 -0.847651 5.82609

0.393939 0.858508 5.82609
0.414141 0.847651 5.82609

0.414141 -0.847651 5.82609
0.429876 -0.838384 5.82609

0.429876 -0.838384 5.82609
0.434343 -0.83573 5.82609

0.434343 0.83573 5.82609
0.429876 0.838384 5.82609

0.414141 0.847651 5.82609
0.429876 0.838384 5.82609

0.434343 -0.83573 5.82609
0.454545 -0.822964 5.82609

0.434343 0.83573 5.82609
0.454545 0.822964 5.82609

0.454545 -0.822964 5.82609
0.461665 -0.818182 5.82609

0.461665 -0.818182 5.82609
0.474747 -0.809231 5.82609

0.474747 0.809231 5.82609
0.461665 0.818182 5.82609

0.454545 0.822964 5.82609
0.461665 0.818182 5.82609

0.474747 -0.809231 5.82609
0.490216 -0.79798 5.82609

0.490216 -0.79798 5.82609
0.494949 -0.794451 5.82609

0.494949 0.794451 5.82609
0.490216 0.79798 5.82609

0.474747 0.809231 5.82609
0.490216 0.79798 5.82609

0.494949 -0.794451 5.82609
0.515152 -0.778653 5.82609

0.494949 0.794451 5.82609
0.515152 0.778653 5.82609

0.515152 -0.778653 5.82609
0.516235 -0.777778 5.82609

0.516235 -0.777778 5.82609
0.535354 -0.761855 5.82609

0.535354 0.761855 5.82609
0.516235 0.777778 5.82609

0.515152 0.778653 5.82609
0.516235 0.777778 5.82609

0.535354 -0.761855 5.82609
0.54031 -0.757576 5.82609

0.54031 -0.757576 5.82609
0.555556 -0.743955 5.82609

0.555556 0.743955 5.82609
0.54031 0.757576 5.82609

0.535354 0.761855 5.82609
0.54031 0.757576 5.82609

0.555556 -0.743955 5.82609
0.56272 -0.737374 5.82609

0.56272 -0.737374 5.82609
0.575758 -0.724948 5.82609

0.575758 0.724948 5.82609
0.56272 0.737374 5.82609

0.555556 0.743955 5.82609
0.56272 0.737374 5.82609

0.575758 -0.724948 5.82609
0.583752 -0.717172 5.82609

0.583752 -0.717172 5.82609
0.59596 -0.704832 5.82609

0.59596 0.704832 5.82609
0.583752 0.717172 5.82609

0.575758 0.724948 5.82609
0.583752 0.717172 5.82609

0.59596 -0.704832 5.82609
0.603628 -0.69697 5.82609

0.603628 -0.69697 5.82609
0.616162 -0.68361 5.82609

0.616162 0.68361 5.82609
0.603628 0.69697 5.82609

0.59596 0.704832 5.82609
0.603628 0.69697 5.82609

0.616162 -0.68361 5.82609
0.622523 -0.676768 5.82609

0.622523 -0.676768 5.82609
0.636364 -0.661297 5.82609

0.636364 0.661297 5.82609
0.622523 0.676768 5.82609

0.616162 0.68361 5.82609
0.622523 0.676768 5.82609

0.636364 -0.661297 5.82609
0.640575 -0.656566 5.82609

0.640575 -0.656566 5.82609
0.656566 -0.637916 5.82609

0.656566 0.637916 5.82609
0.640575 0.656566 5.82609

0.636364 0.661297 5.82609
0.640575 0.656566 5.82609

0.656566 -0.637916 5.82609
0.657894 -0.636364 5.82609

0.657894 -0.636364 5.82609
0.674646 -0.616162 5.82609

0.674646 -0.616162 5.82609
0.676768 -0.61352 5.82609

0.676768 0.61352 5.82609
0.674646 0.616162 5.82609

0.674646 0.616162 5.82609
0.657894 0.636364 5.82609

0.656566 0.637916 5.82609
0.657894 0.636364 5.82609

0.676768 -0.61352 5.82609
0.690885 -0.59596 5.82609

0.690885 -0.59596 5.82609
0.69697 -0.588139 5.82609

0.69697 0.588139 5.82609
0.690885 0.59596 5.82609

0.676768 0.61352 5.82609
0.690885 0.59596 5.82609

0.69697 -0.588139 5.82609
0.706613 -0.575758 5.82609

0.706613 -0.575758 5.82609
0.717172 -0.561774 5.82609

0.717172 0.561774 5.82609
0.706613 0.575758 5.82609

0.69697 0.588139 5.82609
0.706613 0.575758 5.82609

0.717172 -0.561774 5.82609
0.721868 -0.555556 5.82609

0.721868 -0.555556 5.82609
0.736697 -0.535354 5.82609

0.736697 -0.535354 5.82609
0.737374 -0.534415 5.82609

0.737374 0.534415 5.82609
0.736697 0.535354 5.82609

0.736697 0.535354 5.82609
0.721868 0.555556 5.82609

0.717172 0.561774 5.82609
0.721868 0.555556 5.82609

0.737374 -0.534415 5.82609
0.751239 -0.515152 5.82609

0.751239 -0.515152 5.82609
0.757576 -0.506088 5.82609

0.757576 0.506088 5.82609
0.751239 0.515152 5.82609

0.737374 0.534415 5.82609
0.751239 0.515152 5.82609

0.757576 -0.506088 5.82609
0.765345 -0.494949 5.82609

0.765345 -0.494949 5.82609
0.777778 -0.476568 5.82609

0.777778 0.476568 5.82609
0.765345 0.494949 5.82609

0.757576 0.506088 5.82609
0.765345 0.494949 5.82609

0.777778 -0.476568 5.82609
0.779005 -0.474747 5.82609

0.779005 -0.474747 5.82609
0.792358 -0.454545 5.82609

0.792358 -0.454545 5.82609
0.79798 -0.44577 5.82609

0.79798 0.44577 5.82609
0.792358 0.454545 5.82609

0.792358 0.454545 5.82609
0.779005 0.474747 5.82609

0.777778 0.476568 5.82609
0.779005 0.474747 5.82609

0.79798 -0.44577 5.82609
0.805258 -0.434343 5.82609

0.805258 -0.434343 5.82609
0.817646 -0.414141 5.82609

0.817646 -0.414141 5.82609
0.818182 -0.41325 5.82609

0.818182 0.41325 5.82609
0.817646 0.414141 5.82609

0.817646 0.414141 5.82609
0.805258 0.434343 5.82609

0.79798 0.44577 5.82609
0.805258 0.434343 5.82609

0.818182 -0.41325 5.82609
0.829695 -0.393939 5.82609

0.829695 -0.393939 5.82609
0.838384 -0.37863 5.82609

0.838384 0.37863 5.82609
0.829695 0.393939 5.82609

0.818182 0.41325 5.82609
0.829695 0.393939 5.82609

0.838384 -0.37863 5.82609
0.841145 -0.373737 5.82609

0.841145 -0.373737 5.82609
0.852152 -0.353535 5.82609

0.852152 -0.353535 5.82609
0.858586 -0.34107 5.82609

0.858586 0.34107 5.82609
0.852152 0.353535 5.82609

0.852152 0.353535 5.82609
0.841145 0.373737 5.82609

0.838384 0.37863 5.82609
0.841145 0.373737 5.82609

0.858586 -0.34107 5.82609
0.862567 -0.333333 5.82609

0.862567 -0.333333 5.82609
0.872466 -0.313131 5.82609

0.872466 -0.313131 5.82609
0.878788 -0.299338 5.82609

0.878788 0.299338 5.82609
0.872466 0.313131 5.82609

0.872466 0.313131 5.82609
0.862567 0.333333 5.82609

0.858586 0.34107 5.82609
0.862567 0.333333 5.82609

0.878788 -0.299338 5.82609
0.881731 -0.292929 5.82609

0.881731 -0.292929 5.82609
0.890495 -0.272727 5.82609

0.890495 -0.272727 5.82609
0.898506 -0.252525 5.82609

0.898506 -0.252525 5.82609
0.89899 -0.251225 5.82609

0.89899 0.251225 5.82609
0.898506 0.252525 5.82609

0.898506 0.252525 5.82609
0.890495 0.272727 5.82609

0.890495 0.272727 5.82609
0.881731 0.292929 5.82609

0.878788 0.299338 5.82609
0.881731 0.292929 5.82609

0.89899 -0.251225 5.82609
0.906105 -0.232323 5.82609

0.906105 -0.232323 5.82609
0.912986 -0.212121 5.82609

0.912986 -0.212121 5.82609
0.919137 -0.191919 5.82609

0.919137 -0.191919 5.82609
0.919192 -0.191723 5.82609

0.919192 0.191723 5.82609
0.919137 0.191919 5.82609

0.919137 0.191919 5.82609
0.912986 0.212121 5.82609

0.912986 0.212121 5.82609
0.906105 0.232323 5.82609

0.89899 0.251225 5.82609
0.906105 0.232323 5.82609

0.919192 -0.191723 5.82609
0.924886 -0.171717 5.82609

0.924886 -0.171717 5.82609
0.929931 -0.151515 5.82609

0.929931 -0.151515 5.82609
0.934286 -0.131313 5.82609

0.934286 -0.131313 5.82609
0.937969 -0.111111 5.82609

0.937969 -0.111111 5.82609
0.939394 -0.101709 5.82609

0.939394 0.101709 5.82609
0.937969 0.111111 5.82609

0.937969 0.111111 5.82609
0.934286 0.131313 5.82609

0.934286 0.131313 5.82609
0.929931 0.151515 5.82609

0.929931 0.151515 5.82609
0.924886 0.171717 5.82609

0.919192 0.191723 5.82609
0.924886 0.171717 5.82609

0.939394 -0.101709 5.82609
0.941105 -0.0909091 5.82609

0.941105 -0.0909091 5.82609
0.943667 -0.0707071 5.82609

0.943667 -0.0707071 5.82609
0.945576 -0.0505051 5.82609

0.945576 -0.0505051 5.82609
0.946842 -0.030303 5.82609

0.946842 -0.030303 5.82609
0.947474 -0.010101 5.82609

0.947474 -0.010101 5.82609
0.947474 0.010101 5.82609

0.947474 0.010101 5.82609
0.946842 0.030303 5.82609

0.946842 0.030303 5.82609
0.945576 0.0505051 5.82609

0.945576 0.0505051 5.82609
0.943667 0.0707071 5.82609

0.943667 0.0707071 5.82609
0.941105 0.0909091 5.82609

0.939394 0.101709 5.82609
0.941105 0.0909091 5.82609


-0.636364 -0.307181 8.73502
-0.638796 -0.292929 8.73502

-0.638796 -0.292929 8.73502
-0.640812 -0.272727 8.73502

-0.640812 -0.272727 8.73502
-0.641526 -0.252525 8.73502

-0.641526 -0.252525 8.73502
-0.641044 -0.232323 8.73502

-0.641044 -0.232323 8.73502
-0.639456 -0.212121 8.73502

-0.639456 -0.212121 8.73502
-0.636849 -0.191919 8.73502

-0.636849 -0.191919 8.73502
-0.636364 -0.188985 8.73502

-0.636364 0.188985 8.73502
-0.636849 0.191919 8.73502

-0.636849 0.191919 8.73502
-0.639456 0.212121 8.73502

-0.639456 0.212121 8.73502
-0.641044 0.232323 8.73502

-0.641044 0.232323 8.73502
-0.641526 0.252525 8.73502

-0.641526 0.252525 8.73502
-0.640812 0.272727 8.73502

-0.640812 0.272727 8.73502
-0.638796 0.292929 8.73502

-0.638796 0.292929 8.73502
-0.636364 0.307181 8.73502

-0.616162 -0.374731 8.73502
-0.616644 -0.373737 8.73502

-0.616644 -0.373737 8.73502
-0.624835 -0.353535 8.73502

-0.624835 -0.353535 8.73502
-0.631004 -0.333333 8.73502

-0.631004 -0.333333 8.73502
-0.635467 -0.313131 8.73502

-0.636364 -0.307181 8.73502
-0.635467 -0.313131 8.73502

-0.636364 -0.188985 8.73502
-0.633577 -0.171717 8.73502

-0.633577 -0.171717 8.73502
-0.629564 -0.151515 8.73502

-0.629564 -0.151515 8.73502
-0.624942 -0.131313 8.73502

-0.624942 -0.131313 8.73502
-0.619963 -0.111111 8.73502

-0.619963 -0.111111 8.73502
-0.616162 -0.095557 8.73502

-0.616162 0.095557 8.73502
-0.619963 0.111111 8.73502

-0.619963 0.111111 8.73502
-0.624942 0.131313 8.73502

-0.624942 0.131313 8.73502
-0.629564 0.151515 8.73502

-0.629564 0.151515 8.73502
-0.633577 0.171717 8.73502

-0.636364 0.188985 8.73502
-0.633577 0.171717 8.73502

-0.636364 0.307181 8.73502
-0.635467 0.313131 8.73502

-0.635467 0.313131 8.73502
-0.631004 0.333333 8.73502

-0.631004 0.333333 8.73502
-0.624835 0.353535 8.73502

-0.624835 0.353535 8.73502
-0.616644 0.373737 8.73502

-0.616644 0.373737 8.73502
-0.616162 0.374731 8.73502

-0.59596 -0.412494 8.73502
-0.607115 -0.393939 8.73502

-0.616162 -0.374731 8.73502
-0.607115 -0.393939 8.73502

-0.616162 -0.095557 8.73502
-0.614991 -0.0909091 8.73502

-0.614991 -0.0909091 8.73502
-0.610417 -0.0707071 8.73502

-0.610417 -0.0707071 8.73502
-0.606504 -0.0505051 8.73502

-0.606504 -0.0505051 8.73502
-0.60364 -0.030303 8.73502

-0.60364 -0.030303 8.73502
-0.602125 -0.010101 8.73502

-0.602125 -0.010101 8.73502
-0.602125 0.010101 8.73502

-0.602125 0.010101 8.73502
-0.60364 0.030303 8.73502

-0.60364 0.030303 8.73502
-0.606504 0.0505051 8.73502

-0.606504 0.0505051 8.73502
-0.610417 0.0707071 8.73502

-0.610417 0.0707071 8.73502
-0.614991 0.0909091 8.73502

-0.616162 0.095557 8.73502
-0.614991 0.0909091 8.73502

-0.616162 0.374731 8.73502
-0.607115 0.393939 8.73502

-0.607115 0.393939 8.73502
-0.59596 0.412494 8.73502

-0.575758 -0.440263 8.73502
-0.580621 -0.434343 8.73502

-0.580621 -0.434343 8.73502
-0.594961 -0.414141 8.73502

-0.59596 -0.412494 8.73502
-0.594961 -0.414141 8.73502

-0.59596 0.412494 8.73502
-0.594961 0.414141 8.73502

-0.594961 0.414141 8.73502
-0.580621 0.434343 8.73502

-0.580621 0.434343 8.73502
-0.575758 0.440263 8.73502

-0.555556 -0.462213 8.73502
-0.563114 -0.454545 8.73502

-0.575758 -0.440263 8.73502
-0.563114 -0.454545 8.73502

-0.575758 0.440263 8.73502
-0.563114 0.454545 8.73502

-0.563114 0.454545 8.73502
-0.555556 0.462213 8.73502

-0.535354 -0.480083 8.73502
-0.541642 -0.474747 8.73502

-0.555556 -0.462213 8.73502
-0.541642 -0.474747 8.73502

-0.555556 0.462213 8.73502
-0.541642 0.474747 8.73502

-0.541642 0.474747 8.73502
-0.535354 0.480083 8.73502

-0.535354 -0.480083 8.73502
-0.515152 -0.494737 8.73502

-0.535354 0.480083 8.73502
-0.515152 0.494737 8.73502

-0.494949 -0.507383 8.73502
-0.514809 -0.494949 8.73502

-0.515152 -0.494737 8.73502
-0.514809 -0.494949 8.73502

-0.515152 0.494737 8.73502
-0.514809 0.494949 8.73502

-0.514809 0.494949 8.73502
-0.494949 0.507383 8.73502

-0.474747 -0.517572 8.73502
-0.479385 -0.515152 8.73502

-0.494949 -0.507383 8.73502
-0.479385 -0.515152 8.73502

-0.494949 0.507383 8.73502
-0.479385 0.515152 8.73502

-0.479385 0.515152 8.73502
-0.474747 0.517572 8.73502

-0.474747 -0.517572 8.73502
-0.454545 -0.526384 8.73502

-0.474747 0.517572 8.73502
-0.454545 0.526384 8.73502

-0.454545 -0.526384 8.73502
-0.434343 -0.533296 8.73502

-0.454545 0.526384 8.73502
-0.434343 0.533296 8.73502

-0.414141 -0.539153 8.73502
-0.426729 -0.535354 8.73502

-0.434343 -0.533296 8.73502
-0.426729 -0.535354 8.73502

-0.434343 0.533296 8.73502
-0.426729 0.535354 8.73502

-0.426729 0.535354 8.73502
-0.414141 0.539153 8.73502

-0.414141 -0.539153 8.73502
-0.393939 -0.543918 8.73502

-0.414141 0.539153 8.73502
-0.393939 0.543918 8.73502

-0.393939 -0.543918 8.73502
-0.373737 -0.547566 8.73502

-0.393939 0.543918 8.73502
-0.373737 0.547566 8.73502

-0.373737 -0.547566 8.73502
-0.353535 -0.550333 8.73502

-0.373737 0.547566 8.73502
-0.353535 0.550333 8.73502

-0.353535 -0.550333 8.73502
-0.333333 -0.552436 8.73502

-0.353535 0.550333 8.73502
-0.333333 0.552436 8.73502

-0.333333 -0.552436 8.73502
-0.313131 -0.554092 8.73502

-0.333333 0.552436 8.73502
-0.313131 0.554092 8.73502

-0.313131 -0.554092 8.73502
-0.292929 -0.555536 8.73502

-0.313131 0.554092 8.73502
-0.292929 0.555536 8.73502

-0.272727 -0.557137 8.73502
-0.292653 -0.555556 8.73502

-0.292929 -0.555536 8.73502
-0.292653 -0.555556 8.73502

-0.292929 0.555536 8.73502
-0.292653 0.555556 8.73502

-0.292653 0.555556 8.73502
-0.272727 0.557137 8.73502

-0.272727 -0.557137 8.73502
-0.252525 -0.559086 8.73502

-0.272727 0.557137 8.73502
-0.252525 0.559086 8.73502

-0.252525 -0.559086 8.73502
-0.232323 -0.561738 8.73502

-0.252525 0.559086 8.73502
-0.232323 0.561738 8.73502

-0.232323 -0.561738 8.73502
-0.212121 -0.565469 8.73502

-0.232323 0.561738 8.73502
-0.212121 0.565469 8.73502

-0.212121 -0.565469 8.73502
-0.191919 -0.570643 8.73502

-0.212121 0.565469 8.73502
-0.191919 0.570643 8.73502

-0.171717 -0.577566 8.73502
-0.17689 -0.575758 8.73502

-0.191919 -0.570643 8.73502
-0.17689 -0.575758 8.73502

-0.191919 0.570643 8.73502
-0.17689 0.575758 8.73502

-0.17689 0.575758 8.73502
-0.171717 0.577566 8.73502

-0.171717 -0.577566 8.73502
-0.151515 -0.586307 8.73502

-0.171717 0.577566 8.73502
-0.151515 0.586307 8.73502

-0.131313 -0.596733 8.73502
-0.132844 -0.59596 8.73502

-0.151515 -0.586307 8.73502
-0.132844 -0.59596 8.73502

-0.151515 0.586307 8.73502
-0.132844 0.59596 8.73502

-0.132844 0.59596 8.73502
-0.131313 0.596733 8.73502

-0.131313 -0.596733 8.73502
-0.111111 -0.608386 8.73502

-0.131313 0.596733 8.73502
-0.111111 0.608386 8.73502

-0.0909091 -0.620778 8.73502
-0.0987136 -0.616162 8.73502

-0.111111 -0.608386 8.73502
-0.0987136 -0.616162 8.73502

-0.111111 0.608386 8.73502
-0.0987136 0.616162 8.73502

-0.0987136 0.616162 8.73502
-0.0909091 0.620778 8.73502

-0.0909091 -0.620778 8.73502
-0.0707071 -0.63327 8.73502

-0.0909091 0.620778 8.73502
-0.0707071 0.63327 8.73502

-0.0505051 -0.645419 8.73502
-0.0658256 -0.636364 8.73502

-0.0707071 -0.63327 8.73502
-0.0658256 -0.636364 8.73502

-0.0707071 0.63327 8.73502
-0.0658256 0.636364 8.73502

-0.0658256 0.636364 8.73502
-0.0505051 0.645419 8.73502

-0.030303 -0.656691 8.73502
-0.0305396 -0.656566 8.73502

-0.0505051 -0.645419 8.73502
-0.0305396 -0.656566 8.73502

-0.0505051 0.645419 8.73502
-0.0305396 0.656566 8.73502

-0.0305396 0.656566 8.73502
-0.030303 0.656691 8.73502

-0.030303 -0.656691 8.73502
-0.010101 -0.667139 8.73502

-0.030303 0.656691 8.73502
-0.010101 0.667139 8.73502

-0.010101 -0.667139 8.73502
0.010101 -0.676149 8.73502

-0.010101 0.667139 8.73502
0.010101 0.676149 8.73502

0.030303 -0.684194 8.73502
0.0116372 -0.676768 8.73502

0.010101 -0.676149 8.73502
0.0116372 -0.676768 8.73502

0.010101 0.676149 8.73502
0.0116372 0.676768 8.73502

0.0116372 0.676768 8.73502
0.030303 0.684194 8.73502

0.030303 -0.684194 8.73502
0.0505051 -0.690758 8.73502

0.030303 0.684194 8.73502
0.0505051 0.690758 8.73502

0.0505051 -0.690758 8.73502
0.0707071 -0.695809 8.73502

0.0505051 0.690758 8.73502
0.0707071 0.695809 8.73502

0.0909091 -0.699738 8.73502
0.0769355 -0.69697 8.73502

0.0707071 -0.695809 8.73502
0.0769355 -0.69697 8.73502

0.0707071 0.695809 8.73502
0.0769355 0.69697 8.73502

0.0769355 0.69697 8.73502
0.0909091 0.699738 8.73502

0.0909091 -0.699738 8.73502
0.111111 -0.702337 8.73502

0.0909091 0.699738 8.73502
0.111111 0.702337 8.73502

0.111111 -0.702337 8.73502
0.131313 -0.703492 8.73502

0.111111 0.702337 8.73502
0.131313 0.703492 8.73502

0.131313 -0.703492 8.73502
0.151515 -0.7032 8.73502

0.131313 0.703492 8.73502
0.151515 0.7032 8.73502

0.151515 -0.7032 8.73502
0.171717 -0.701415 8.73502

0.151515 0.7032 8.73502
0.171717 0.701415 8.73502

0.171717 -0.701415 8.73502
0.191919 -0.698037 8.73502

0.171717 0.701415 8.73502
0.191919 0.698037 8.73502

0.191919 -0.698037 8.73502
0.196272 -0.69697 8.73502

0.196272 -0.69697 8.73502
0.212121 -0.693409 8.73502

0.212121 0.693409 8.73502
0.196272 0.69697 8.73502

0.191919 0.698037 8.73502
0.196272 0.69697 8.73502

0.212121 -0.693409 8.73502
0.232323 -0.687105 8.73502

0.212121 0.693409 8.73502
0.232323 0.687105 8.73502

0.232323 -0.687105 8.73502
0.252525 -0.678701 8.73502

0.232323 0.687105 8.73502
0.252525 0.678701 8.73502

0.252525 -0.678701 8.73502
0.256415 -0.676768 8.73502

0.256415 -0.676768 8.73502
0.272727 -0.66871 8.73502

0.272727 0.66871 8.73502
0.256415 0.676768 8.73502

0.252525 0.678701 8.73502
0.256415 0.676768 8.73502

0.272727 -0.66871 8.73502
0.292338 -0.656566 8.73502

0.292338 -0.656566 8.73502
0.292929 -0.656187 8.73502

0.292929 0.656187 8.73502
0.292338 0.656566 8.73502

0.272727 0.66871 8.73502
0.292338 0.656566 8.73502

0.292929 -0.656187 8.73502
0.313131 -0.641485 8.73502

0.292929 0.656187 8.73502
0.313131 0.641485 8.73502

0.313131 -0.641485 8.73502
0.319342 -0.636364 8.73502

0.319342 -0.636364 8.73502
0.333333 -0.623724 8.73502

0.333333 0.623724 8.73502
0.319342 0.636364 8.73502

0.313131 0.641485 8.73502
0.319342 0.636364 8.73502

0.333333 -0.623724 8.73502
0.341077 -0.616162 8.73502

0.341077 -0.616162 8.73502
0.353535 -0.60237 8.73502

0.353535 0.60237 8.73502
0.341077 0.616162 8.73502

0.333333 0.623724 8.73502
0.341077 0.616162 8.73502

0.353535 -0.60237 8.73502
0.359147 -0.59596 8.73502

0.359147 -0.59596 8.73502
0.373737 -0.576589 8.73502

0.373737 0.576589 8.73502
0.359147 0.59596 8.73502

0.353535 0.60237 8.73502
0.359147 0.59596 8.73502

0.373737 -0.576589 8.73502
0.374369 -0.575758 8.73502

0.374369 -0.575758 8.73502
0.387911 -0.555556 8.73502

0.387911 -0.555556 8.73502
0.393939 -0.544781 8.73502

0.393939 0.544781 8.73502
0.387911 0.555556 8.73502

0.387911 0.555556 8.73502
0.374369 0.575758 8.73502

0.373737 0.576589 8.73502
0.374369 0.575758 8.73502

0.393939 -0.544781 8.73502
0.399562 -0.535354 8.73502

0.399562 -0.535354 8.73502
0.409907 -0.515152 8.73502

0.409907 -0.515152 8.73502
0.414141 -0.505527 8.73502

0.414141 0.505527 8.73502
0.409907 0.515152 8.73502

0.409907 0.515152 8.73502
0.399562 0.535354 8.73502

0.393939 0.544781 8.73502
0.399562 0.535354 8.73502

0.414141 -0.505527 8.73502
0.419298 -0.494949 8.73502

0.419298 -0.494949 8.73502
0.428025 -0.474747 8.73502

0.428025 -0.474747 8.73502
0.434343 -0.458654 8.73502

0.434343 0.458654 8.73502
0.428025 0.474747 8.73502

0.428025 0.474747 8.73502
0.419298 0.494949 8.73502

0.414141 0.505527 8.73502
0.419298 0.494949 8.73502

0.434343 -0.458654 8.73502
0.436164 -0.454545 8.73502

0.436164 -0.454545 8.73502
0.444623 -0.434343 8.73502

0.444623 -0.434343 8.73502
0.453125 -0.414141 8.73502

0.453125 -0.414141 8.73502
0.454545 -0.410864 8.73502

0.454545 0.410864 8.73502
0.453125 0.414141 8.73502

0.453125 0.414141 8.73502
0.444623 0.434343 8.73502

0.444623 0.434343 8.73502
0.436164 0.454545 8.73502

0.434343 0.458654 8.73502
0.436164 0.454545 8.73502

0.454545 -0.410864 8.73502
0.462841 -0.393939 8.73502

0.462841 -0.393939 8.73502
0.473825 -0.373737 8.73502

0.473825 -0.373737 8.73502
0.474747 -0.372219 8.73502

0.474747 0.372219 8.73502
0.473825 0.373737 8.73502

0.473825 0.373737 8.73502
0.462841 0.393939 8.73502

0.454545 0.410864 8.73502
0.462841 0.393939 8.73502

0.474747 -0.372219 8.73502
0.487245 -0.353535 8.73502

0.487245 -0.353535 8.73502
0.494949 -0.343615 8.73502

0.494949 0.343615 8.73502
0.487245 0.353535 8.73502

0.474747 0.372219 8.73502
0.487245 0.353535 8.73502

0.494949 -0.343615 8.73502
0.503447 -0.333333 8.73502

0.503447 -0.333333 8.73502
0.515152 -0.321053 8.73502

0.515152 0.321053 8.73502
0.503447 0.333333 8.73502

0.494949 0.343615 8.73502
0.503447 0.333333 8.73502

0.515152 -0.321053 8.73502
0.522867 -0.313131 8.73502

0.522867 -0.313131 8.73502
0.535354 -0.301884 8.73502

0.535354 0.301884 8.73502
0.522867 0.313131 8.73502

0.515152 0.321053 8.73502
0.522867 0.313131 8.73502

0.535354 -0.301884 8.73502
0.545075 -0.292929 8.73502

0.545075 -0.292929 8.73502
0.555556 -0.284322 8.73502

0.555556 0.284322 8.73502
0.545075 0.292929 8.73502

0.535354 0.301884 8.73502
0.545075 0.292929 8.73502

0.555556 -0.284322 8.73502
0.568789 -0.272727 8.73502

0.568789 -0.272727 8.73502
0.575758 -0.267168 8.73502

0.575758 0.267168 8.73502
0.568789 0.272727 8.73502

0.555556 0.284322 8.73502
0.568789 0.272727 8.73502

0.575758 -0.267168 8.73502
0.592388 -0.252525 8.73502

0.592388 -0.252525 8.73502
0.59596 -0.249584 8.73502

0.59596 0.249584 8.73502
0.592388 0.252525 8.73502

0.575758 0.267168 8.73502
0.592388 0.252525 8.73502

0.59596 -0.249584 8.73502
0.614563 -0.232323 8.73502

0.614563 -0.232323 8.73502
0.616162 -0.230888 8.73502

0.616162 0.230888 8.73502
0.614563 0.232323 8.73502

0.59596 0.249584 8.73502
0.614563 0.232323 8.73502

0.616162 -0.230888 8.73502
0.634634 -0.212121 8.73502

0.634634 -0.212121 8.73502
0.636364 -0.210349 8.73502

0.636364 0.210349 8.73502
0.634634 0.212121 8.73502

0.616162 0.230888 8.73502
0.634634 0.212121 8.73502

0.636364 -0.210349 8.73502
0.652438 -0.191919 8.73502

0.652438 -0.191919 8.73502
0.656566 -0.186912 8.73502

0.656566 0.186912 8.73502
0.652438 0.191919 8.73502

0.636364 0.210349 8.73502
0.652438 0.191919 8.73502

0.656566 -0.186912 8.73502
0.668022 -0.171717 8.73502

0.668022 -0.171717 8.73502
0.676768 -0.158773 8.73502

0.676768 0.158773 8.73502
0.668022 0.171717 8.73502

0.656566 0.186912 8.73502
0.668022 0.171717 8.73502

0.676768 -0.158773 8.73502
0.681393 -0.151515 8.73502

0.681393 -0.151515 8.73502
0.692779 -0.131313 8.73502

0.692779 -0.131313 8.73502
0.69697 -0.122481 8.73502

0.69697 0.122481 8.73502
0.692779 0.131313 8.73502

0.692779 0.131313 8.73502
0.681393 0.151515 8.73502

0.676768 0.158773 8.73502
0.681393 0.151515 8.73502

0.69697 -0.122481 8.73502
0.702327 -0.111111 8.73502

0.702327 -0.111111 8.73502
0.710143 -0.0909091 8.73502

0.710143 -0.0909091 8.73502
0.716038 -0.0707071 8.73502

0.716038 -0.0707071 8.73502
0.717172 -0.0654612 8.73502

0.717172 0.0654612 8.73502
0.716038 0.0707071 8.73502

0.716038 0.0707071 8.73502
0.710143 0.0909091 8.73502

0.710143 0.0909091 8.73502
0.702327 0.111111 8.73502

0.69697 0.122481 8.73502
0.702327 0.111111 8.73502

0.717172 -0.0654612 8.73502
0.720655 -0.0505051 8.73502

0.720655 -0.0505051 8.73502
0.723745 -0.030303 8.73502

0.723745 -0.030303 8.73502
0.725261 -0.010101 8.73502

0.725261 -0.010101 8.73502
0.725261 0.010101 8.73502

0.725261 0.010101 8.73502
0.723745 0.030303 8.73502

0.723745 0.030303 8.73502
0.720655 0.0505051 8.73502

0.717172 0.0654612 8.73502
0.720655 0.0505051 8.73502


-0.535354 -0.336588 11.6439
-0.536739 -0.333333 11.6439

-0.536739 -0.333333 11.6439
-0.542413 -0.313131 11.6439

-0.542413 -0.313131 11.6439
-0.545012 -0.292929 11.6439

-0.545012 -0.292929 11.6439
-0.544911 -0.272727 11.6439

-0.544911 -0.272727 11.6439
-0.542156 -0.252525 11.6439

-0.542156 -0.252525 11.6439
-0.536522 -0.232323 11.6439

-0.536522 -0.232323 11.6439
-0.535354 -0.229334 11.6439

-0.535354 0.229334 11.6439
-0.536522 0.232323 11.6439

-0.536522 0.232323 11.6439
-0.542156 0.252525 11.6439

-0.542156 0.252525 11.6439
-0.544911 0.272727 11.6439

-0.544911 0.272727 11.6439
-0.545012 0.292929 11.6439

-0.545012 0.292929 11.6439
-0.542413 0.313131 11.6439

-0.542413 0.313131 11.6439
-0.536739 0.333333 11.6439

-0.536739 0.333333 11.6439
-0.535354 0.336588 11.6439

-0.515152 -0.374803 11.6439
-0.51597 -0.373737 11.6439

-0.51597 -0.373737 11.6439
-0.528565 -0.353535 11.6439

-0.535354 -0.336588 11.6439
-0.528565 -0.353535 11.6439

-0.535354 -0.229334 11.6439
-0.528568 -0.212121 11.6439

-0.528568 -0.212121 11.6439
-0.516927 -0.191919 11.6439

-0.516927 -0.191919 11.6439
-0.515152 -0.18926 11.6439

-0.515152 0.18926 11.6439
-0.516927 0.191919 11.6439

-0.516927 0.191919 11.6439
-0.528568 0.212121 11.6439

-0.535354 0.229334 11.6439
-0.528568 0.212121 11.6439

-0.535354 0.336588 11.6439
-0.528565 0.353535 11.6439

-0.528565 0.353535 11.6439
-0.51597 0.373737 11.6439

-0.51597 0.373737 11.6439
-0.515152 0.374803 11.6439

-0.494949 -0.397497 11.6439
-0.49865 -0.393939 11.6439

-0.515152 -0.374803 11.6439
-0.49865 -0.393939 11.6439

-0.515152 -0.18926 11.6439
-0.501456 -0.171717 11.6439

-0.501456 -0.171717 11.6439
-0.494949 -0.164366 11.6439

-0.494949 0.164366 11.6439
-0.501456 0.171717 11.6439

-0.515152 0.18926 11.6439
-0.501456 0.171717 11.6439

-0.515152 0.374803 11.6439
-0.49865 0.393939 11.6439

-0.49865 0.393939 11.6439
-0.494949 0.397497 11.6439

-0.494949 -0.397497 11.6439
-0.474747 -0.413051 11.6439

-0.494949 -0.164366 11.6439
-0.480308 -0.151515 11.6439

-0.480308 -0.151515 11.6439
-0.474747 -0.146627 11.6439

-0.474747 0.146627 11.6439
-0.480308 0.151515 11.6439

-0.494949 0.164366 11.6439
-0.480308 0.151515 11.6439

-0.494949 0.397497 11.6439
-0.474747 0.413051 11.6439

-0.454545 -0.424514 11.6439
-0.472817 -0.414141 11.6439

-0.474747 -0.413051 11.6439
-0.472817 -0.414141 11.6439

-0.474747 -0.146627 11.6439
-0.454545 -0.133557 11.6439

-0.474747 0.146627 11.6439
-0.454545 0.133557 11.6439

-0.474747 0.413051 11.6439
-0.472817 0.414141 11.6439

-0.472817 0.414141 11.6439
-0.454545 0.424514 11.6439

-0.454545 -0.424514 11.6439
-0.434343 -0.431853 11.6439

-0.454545 -0.133557 11.6439
-0.449415 -0.131313 11.6439

-0.449415 -0.131313 11.6439
-0.434343 -0.123541 11.6439

-0.434343 0.123541 11.6439
-0.449415 0.131313 11.6439

-0.454545 0.133557 11.6439
-0.449415 0.131313 11.6439

-0.454545 0.424514 11.6439
-0.434343 0.431853 11.6439

-0.414141 -0.436437 11.6439
-0.422543 -0.434343 11.6439

-0.434343 -0.431853 11.6439
-0.422543 -0.434343 11.6439

-0.434343 -0.123541 11.6439
-0.414141 -0.117008 11.6439

-0.434343 0.123541 11.6439
-0.414141 0.117008 11.6439

-0.434343 0.431853 11.6439
-0.422543 0.434343 11.6439

-0.422543 0.434343 11.6439
-0.414141 0.436437 11.6439

-0.414141 -0.436437 11.6439
-0.393939 -0.438613 11.6439

-0.414141 -0.117008 11.6439
-0.393939 -0.11361 11.6439

-0.414141 0.117008 11.6439
-0.393939 0.11361 11.6439

-0.414141 0.436437 11.6439
-0.393939 0.438613 11.6439

-0.393939 -0.438613 11.6439
-0.373737 -0.438119 11.6439

-0.393939 -0.11361 11.6439
-0.373737 -0.112866 11.6439

-0.393939 0.11361 11.6439
-0.373737 0.112866 11.6439

-0.393939 0.438613 11.6439
-0.373737 0.438119 11.6439

-0.373737 -0.438119 11.6439
-0.353535 -0.435001 11.6439

-0.373737 -0.112866 11.6439
-0.353535 -0.114741 11.6439

-0.373737 0.112866 11.6439
-0.353535 0.114741 11.6439

-0.373737 0.438119 11.6439
-0.353535 0.435001 11.6439

-0.353535 -0.435001 11.6439
-0.351038 -0.434343 11.6439

-0.351038 -0.434343 11.6439
-0.333333 -0.429845 11.6439

-0.353535 -0.114741 11.6439
-0.333333 -0.119602 11.6439

-0.353535 0.114741 11.6439
-0.333333 0.119602 11.6439

-0.333333 0.429845 11.6439
-0.351038 0.434343 11.6439

-0.353535 0.435001 11.6439
-0.351038 0.434343 11.6439

-0.333333 -0.429845 11.6439
-0.313131 -0.42177 11.6439

-0.333333 -0.119602 11.6439
-0.313131 -0.128203 11.6439

-0.333333 0.119602 11.6439
-0.313131 0.128203 11.6439

-0.333333 0.429845 11.6439
-0.313131 0.42177 11.6439

-0.313131 -0.42177 11.6439
-0.299004 -0.414141 11.6439

-0.299004 -0.414141 11.6439
-0.292929 -0.410442 11.6439

-0.292929 -0.139976 11.6439
-0.3078 -0.131313 11.6439

-0.313131 -0.128203 11.6439
-0.3078 -0.131313 11.6439

-0.313131 0.128203 11.6439
-0.3078 0.131313 11.6439

-0.3078 0.131313 11.6439
-0.292929 0.139976 11.6439

-0.292929 0.410442 11.6439
-0.299004 0.414141 11.6439

-0.313131 0.42177 11.6439
-0.299004 0.414141 11.6439

-0.292929 -0.410442 11.6439
-0.272727 -0.395394 11.6439

-0.272727 -0.156543 11.6439
-0.278442 -0.151515 11.6439

-0.292929 -0.139976 11.6439
-0.278442 -0.151515 11.6439

-0.292929 0.139976 11.6439
-0.278442 0.151515 11.6439

-0.278442 0.151515 11.6439
-0.272727 0.156543 11.6439

-0.292929 0.410442 11.6439
-0.272727 0.395394 11.6439

-0.272727 -0.395394 11.6439
-0.270911 -0.393939 11.6439

-0.270911 -0.393939 11.6439
-0.252525 -0.374928 11.6439

-0.252525 -0.179223 11.6439
-0.258314 -0.171717 11.6439

-0.272727 -0.156543 11.6439
-0.258314 -0.171717 11.6439

-0.272727 0.156543 11.6439
-0.258314 0.171717 11.6439

-0.258314 0.171717 11.6439
-0.252525 0.179223 11.6439

-0.252525 0.374928 11.6439
-0.270911 0.393939 11.6439

-0.272727 0.395394 11.6439
-0.270911 0.393939 11.6439

-0.252525 -0.374928 11.6439
-0.251388 -0.373737 11.6439

-0.251388 -0.373737 11.6439
-0.23692 -0.353535 11.6439

-0.23692 -0.353535 11.6439
-0.232323 -0.343501 11.6439

-0.232323 -0.213245 11.6439
-0.232754 -0.212121 11.6439

-0.232754 -0.212121 11.6439
-0.243368 -0.191919 11.6439

-0.252525 -0.179223 11.6439
-0.243368 -0.191919 11.6439

-0.252525 0.179223 11.6439
-0.243368 0.191919 11.6439

-0.243368 0.191919 11.6439
-0.232754 0.212121 11.6439

-0.232754 0.212121 11.6439
-0.232323 0.213245 11.6439

-0.232323 0.343501 11.6439
-0.23692 0.353535 11.6439

-0.23692 0.353535 11.6439
-0.251388 0.373737 11.6439

-0.252525 0.374928 11.6439
-0.251388 0.373737 11.6439

-0.232323 -0.343501 11.6439
-0.226961 -0.333333 11.6439

-0.226961 -0.333333 11.6439
-0.220413 -0.313131 11.6439

-0.220413 -0.313131 11.6439
-0.21731 -0.292929 11.6439

-0.21731 -0.292929 11.6439
-0.216986 -0.272727 11.6439

-0.216986 -0.272727 11.6439
-0.21927 -0.252525 11.6439

-0.21927 -0.252525 11.6439
-0.224378 -0.232323 11.6439

-0.232323 -0.213245 11.6439
-0.224378 -0.232323 11.6439

-0.232323 0.213245 11.6439
-0.224378 0.232323 11.6439

-0.224378 0.232323 11.6439
-0.21927 0.252525 11.6439

-0.21927 0.252525 11.6439
-0.216986 0.272727 11.6439

-0.216986 0.272727 11.6439
-0.21731 0.292929 11.6439

-0.21731 0.292929 11.6439
-0.220413 0.313131 11.6439

-0.220413 0.313131 11.6439
-0.226961 0.333333 11.6439

-0.232323 0.343501 11.6439
-0.226961 0.333333 11.6439

-0.010101 -0.485345 11.6439
-0.0132869 -0.474747 11.6439

-0.0132869 -0.474747 11.6439
-0.0164233 -0.454545 11.6439

-0.0164233 -0.454545 11.6439
-0.0168836 -0.434343 11.6439

-0.0168836 -0.434343 11.6439
-0.0145815 -0.414141 11.6439

-0.0145815 -0.414141 11.6439
-0.010101 -0.397393 11.6439

-0.010101 0.397393 11.6439
-0.0145815 0.414141 11.6439

-0.0145815 0.414141 11.6439
-0.0168836 0.434343 11.6439

-0.0168836 0.434343 11.6439
-0.0164233 0.454545 11.6439

-0.0164233 0.454545 11.6439
-0.0132869 0.474747 11.6439

-0.0132869 0.474747 11.6439
-0.010101 0.485345 11.6439

0.010101 -0.532629 11.6439
-6.13152e-05 -0.515152 11.6439

-6.13152e-05 -0.515152 11.6439
-0.00782275 -0.494949 11.6439

-0.010101 -0.485345 11.6439
-0.00782275 -0.494949 11.6439

-0.010101 -0.397393 11.6439
-0.00923458 -0.393939 11.6439

-0.00923458 -0.393939 11.6439
-0.00120366 -0.373737 11.6439

-0.00120366 -0.373737 11.6439
0.010101 -0.355825 11.6439

0.010101 0.355825 11.6439
-0.00120366 0.373737 11.6439

-0.00120366 0.373737 11.6439
-0.00923458 0.393939 11.6439

-0.010101 0.397393 11.6439
-0.00923458 0.393939 11.6439

-0.010101 0.485345 11.6439
-0.00782275 0.494949 11.6439

-0.00782275 0.494949 11.6439
-6.13152e-05 0.515152 11.6439

-6.13152e-05 0.515152 11.6439
0.010101 0.532629 11.6439

0.030303 -0.559595 11.6439
0.02644 -0.555556 11.6439

0.02644 -0.555556 11.6439
0.0115342 -0.535354 11.6439

0.010101 -0.532629 11.6439
0.0115342 -0.535354 11.6439

0.010101 -0.355825 11.6439
0.0116618 -0.353535 11.6439

0.0116618 -0.353535 11.6439
0.0296219 -0.333333 11.6439

0.0296219 -0.333333 11.6439
0.030303 -0.332687 11.6439

0.030303 0.332687 11.6439
0.0296219 0.333333 11.6439

0.0296219 0.333333 11.6439
0.0116618 0.353535 11.6439

0.010101 0.355825 11.6439
0.0116618 0.353535 11.6439

0.010101 0.532629 11.6439
0.0115342 0.535354 11.6439

0.0115342 0.535354 11.6439
0.02644 0.555556 11.6439

0.02644 0.555556 11.6439
0.030303 0.559595 11.6439

0.0505051 -0.578485 11.6439
0.0470888 -0.575758 11.6439

0.030303 -0.559595 11.6439
0.0470888 -0.575758 11.6439

0.030303 -0.332687 11.6439
0.0505051 -0.316348 11.6439

0.030303 0.332687 11.6439
0.0505051 0.316348 11.6439

0.030303 0.559595 11.6439
0.0470888 0.575758 11.6439

0.0470888 0.575758 11.6439
0.0505051 0.578485 11.6439

0.0505051 -0.578485 11.6439
0.0707071 -0.592265 11.6439

0.0505051 -0.316348 11.6439
0.0558029 -0.313131 11.6439

0.0558029 -0.313131 11.6439
0.0707071 -0.304252 11.6439

0.0707071 0.304252 11.6439
0.0558029 0.313131 11.6439

0.0505051 0.316348 11.6439
0.0558029 0.313131 11.6439

0.0505051 0.578485 11.6439
0.0707071 0.592265 11.6439

0.0909091 -0.602257 11.6439
0.0780128 -0.59596 11.6439

0.0707071 -0.592265 11.6439
0.0780128 -0.59596 11.6439

0.0707071 -0.304252 11.6439
0.0909091 -0.295833 11.6439

0.0707071 0.304252 11.6439
0.0909091 0.295833 11.6439

0.0707071 0.592265 11.6439
0.0780128 0.59596 11.6439

0.0780128 0.59596 11.6439
0.0909091 0.602257 11.6439

0.0909091 -0.602257 11.6439
0.111111 -0.608987 11.6439

0.0909091 -0.295833 11.6439
0.101491 -0.292929 11.6439

0.101491 -0.292929 11.6439
0.111111 -0.28994 11.6439

0.111111 0.28994 11.6439
0.101491 0.292929 11.6439

0.0909091 0.295833 11.6439
0.101491 0.292929 11.6439

0.0909091 0.602257 11.6439
0.111111 0.608987 11.6439

0.111111 -0.608987 11.6439
0.131313 -0.61262 11.6439

0.111111 -0.28994 11.6439
0.131313 -0.28625 11.6439

0.111111 0.28994 11.6439
0.131313 0.28625 11.6439

0.111111 0.608987 11.6439
0.131313 0.61262 11.6439

0.131313 -0.61262 11.6439
0.151515 -0.613623 11.6439

0.131313 -0.28625 11.6439
0.151515 -0.285121 11.6439

0.131313 0.28625 11.6439
0.151515 0.285121 11.6439

0.131313 0.61262 11.6439
0.151515 0.613623 11.6439

0.151515 -0.613623 11.6439
0.171717 -0.612137 11.6439

0.151515 -0.285121 11.6439
0.171717 -0.286533 11.6439

0.151515 0.285121 11.6439
0.171717 0.286533 11.6439

0.151515 0.613623 11.6439
0.171717 0.612137 11.6439

0.171717 -0.612137 11.6439
0.191919 -0.607907 11.6439

0.171717 -0.286533 11.6439
0.191919 -0.290845 11.6439

0.171717 0.286533 11.6439
0.191919 0.290845 11.6439

0.171717 0.612137 11.6439
0.191919 0.607907 11.6439

0.191919 -0.607907 11.6439
0.212121 -0.600297 11.6439

0.212121 -0.297626 11.6439
0.197586 -0.292929 11.6439

0.191919 -0.290845 11.6439
0.197586 -0.292929 11.6439

0.191919 0.290845 11.6439
0.197586 0.292929 11.6439

0.197586 0.292929 11.6439
0.212121 0.297626 11.6439

0.191919 0.607907 11.6439
0.212121 0.600297 11.6439

0.212121 -0.600297 11.6439
0.220216 -0.59596 11.6439

0.220216 -0.59596 11.6439
0.232323 -0.589354 11.6439

0.212121 -0.297626 11.6439
0.232323 -0.308415 11.6439

0.212121 0.297626 11.6439
0.232323 0.308415 11.6439

0.232323 0.589354 11.6439
0.220216 0.59596 11.6439

0.212121 0.600297 11.6439
0.220216 0.59596 11.6439

0.232323 -0.589354 11.6439
0.250107 -0.575758 11.6439

0.250107 -0.575758 11.6439
0.252525 -0.573622 11.6439

0.252525 -0.323947 11.6439
0.238507 -0.313131 11.6439

0.232323 -0.308415 11.6439
0.238507 -0.313131 11.6439

0.232323 0.308415 11.6439
0.238507 0.313131 11.6439

0.238507 0.313131 11.6439
0.252525 0.323947 11.6439

0.252525 0.573622 11.6439
0.250107 0.575758 11.6439

0.232323 0.589354 11.6439
0.250107 0.575758 11.6439

0.252525 -0.573622 11.6439
0.269653 -0.555556 11.6439

0.269653 -0.555556 11.6439
0.272727 -0.551265 11.6439

0.272727 -0.347035 11.6439
0.261365 -0.333333 11.6439

0.252525 -0.323947 11.6439
0.261365 -0.333333 11.6439

0.252525 0.323947 11.6439
0.261365 0.333333 11.6439

0.261365 0.333333 11.6439
0.272727 0.347035 11.6439

0.272727 0.551265 11.6439
0.269653 0.555556 11.6439

0.252525 0.573622 11.6439
0.269653 0.555556 11.6439

0.272727 -0.551265 11.6439
0.283734 -0.535354 11.6439

0.283734 -0.535354 11.6439
0.292929 -0.515593 11.6439

0.292929 -0.384528 11.6439
0.288474 -0.373737 11.6439

0.288474 -0.373737 11.6439
0.277098 -0.353535 11.6439

0.272727 -0.347035 11.6439
0.277098 -0.353535 11.6439

0.272727 0.347035 11.6439
0.277098 0.353535 11.6439

0.277098 0.353535 11.6439
0.288474 0.373737 11.6439

0.288474 0.373737 11.6439
0.292929 0.384528 11.6439

0.292929 0.515593 11.6439
0.283734 0.535354 11.6439

0.272727 0.551265 11.6439
0.283734 0.535354 11.6439

0.292929 -0.515593 11.6439
0.29315 -0.515152 11.6439

0.29315 -0.515152 11.6439
0.300355 -0.494949 11.6439

0.300355 -0.494949 11.6439
0.304449 -0.474747 11.6439

0.304449 -0.474747 11.6439
0.306011 -0.454545 11.6439

0.306011 -0.454545 11.6439
0.305284 -0.434343 11.6439

0.305284 -0.434343 11.6439
0.30223 -0.414141 11.6439

0.30223 -0.414141 11.6439
0.296587 -0.393939 11.6439

0.292929 -0.384528 11.6439
0.296587 -0.393939 11.6439

0.313131 -0.0345186 11.6439
0.312091 -0.030303 11.6439

0.312091 -0.030303 11.6439
0.309594 -0.010101 11.6439

0.309594 -0.010101 11.6439
0.309594 0.010101 11.6439

0.309594 0.010101 11.6439
0.312091 0.030303 11.6439

0.312091 0.030303 11.6439
0.313131 0.0345186 11.6439

0.292929 0.384528 11.6439
0.296587 0.393939 11.6439

0.296587 0.393939 11.6439
0.30223 0.414141 11.6439

0.30223 0.414141 11.6439
0.305284 0.434343 11.6439

0.305284 0.434343 11.6439
0.306011 0.454545 11.6439

0.306011 0.454545 11.6439
0.304449 0.474747 11.6439

0.304449 0.474747 11.6439
0.300355 0.494949 11.6439

0.300355 0.494949 11.6439
0.29315 0.515152 11.6439

0.292929 0.515593 11.6439
0.29315 0.515152 11.6439

0.333333 -0.0880164 11.6439
0.323768 -0.0707071 11.6439

0.323768 -0.0707071 11.6439
0.316544 -0.0505051 11.6439

0.313131 -0.0345186 11.6439
0.316544 -0.0505051 11.6439

0.313131 0.0345186 11.6439
0.316544 0.0505051 11.6439

0.316544 0.0505051 11.6439
0.323768 0.0707071 11.6439

0.323768 0.0707071 11.6439
0.333333 0.0880164 11.6439

0.353535 -0.114563 11.6439
0.350166 -0.111111 11.6439

0.350166 -0.111111 11.6439
0.334914 -0.0909091 11.6439

0.333333 -0.0880164 11.6439
0.334914 -0.0909091 11.6439

0.333333 0.0880164 11.6439
0.334914 0.0909091 11.6439

0.334914 0.0909091 11.6439
0.350166 0.111111 11.6439

0.350166 0.111111 11.6439
0.353535 0.114563 11.6439

0.373737 -0.131824 11.6439
0.373023 -0.131313 11.6439

0.353535 -0.114563 11.6439
0.373023 -0.131313 11.6439

0.353535 0.114563 11.6439
0.373023 0.131313 11.6439

0.373023 0.131313 11.6439
0.373737 0.131824 11.6439

0.373737 -0.131824 11.6439
0.393939 -0.144072 11.6439

0.373737 0.131824 11.6439
0.393939 0.144072 11.6439

0.414141 -0.151919 11.6439
0.413059 -0.151515 11.6439

0.393939 -0.144072 11.6439
0.413059 -0.151515 11.6439

0.393939 0.144072 11.6439
0.413059 0.151515 11.6439

0.413059 0.151515 11.6439
0.414141 0.151919 11.6439

0.414141 -0.151919 11.6439
0.434343 -0.157453 11.6439

0.414141 0.151919 11.6439
0.434343 0.157453 11.6439

0.434343 -0.157453 11.6439
0.454545 -0.160202 11.6439

0.434343 0.157453 11.6439
0.454545 0.160202 11.6439

0.454545 -0.160202 11.6439
0.474747 -0.160534 11.6439

0.454545 0.160202 11.6439
0.474747 0.160534 11.6439

0.474747 -0.160534 11.6439
0.494949 -0.158516 11.6439

0.474747 0.160534 11.6439
0.494949 0.158516 11.6439

0.494949 -0.158516 11.6439
0.515152 -0.15391 11.6439

0.494949 0.158516 11.6439
0.515152 0.15391 11.6439

0.515152 -0.15391 11.6439
0.521599 -0.151515 11.6439

0.521599 -0.151515 11.6439
0.535354 -0.147202 11.6439

0.535354 0.147202 11.6439
0.521599 0.151515 11.6439

0.515152 0.15391 11.6439
0.521599 0.151515 11.6439

0.535354 -0.147202 11.6439
0.555556 -0.137381 11.6439

0.535354 0.147202 11.6439
0.555556 0.137381 11.6439

0.555556 -0.137381 11.6439
0.56453 -0.131313 11.6439

0.56453 -0.131313 11.6439
0.575758 -0.123825 11.6439

0.575758 0.123825 11.6439
0.56453 0.131313 11.6439

0.555556 0.137381 11.6439
0.56453 0.131313 11.6439

0.575758 -0.123825 11.6439
0.589868 -0.111111 11.6439

0.589868 -0.111111 11.6439
0.59596 -0.104964 11.6439

0.59596 0.104964 11.6439
0.589868 0.111111 11.6439

0.575758 0.123825 11.6439
0.589868 0.111111 11.6439

0.59596 -0.104964 11.6439
0.607517 -0.0909091 11.6439

0.607517 -0.0909091 11.6439
0.616162 -0.0772064 11.6439

0.616162 0.0772064 11.6439
0.607517 0.0909091 11.6439

0.59596 0.104964 11.6439
0.607517 0.0909091 11.6439

0.616162 -0.0772064 11.6439
0.619997 -0.0707071 11.6439

0.619997 -0.0707071 11.6439
0.628927 -0.0505051 11.6439

0.628927 -0.0505051 11.6439
0.634245 -0.030303 11.6439

0.634245 -0.030303 11.6439
0.636364 -0.0129595 11.6439

0.636364 0.0129595 11.6439
0.634245 0.030303 11.6439

0.634245 0.030303 11.6439
0.628927 0.0505051 11.6439

0.628927 0.0505051 11.6439
0.619997 0.0707071 11.6439

0.616162 0.0772064 11.6439
0.619997 0.0707071 11.6439

0.636364 -0.0129595 11.6439
0.636774 -0.010101 11.6439

0.636774 -0.010101 11.6439
0.636774 0.010101 11.6439

0.636364 0.0129595 11.6439
0.636774 0.010101 11.6439


-0.494949 -0.313478 14.5529
-0.495076 -0.313131 14.5529

-0.495076 -0.313131 14.5529
-0.498077 -0.292929 14.5529

-0.498077 -0.292929 14.5529
-0.496416 -0.272727 14.5529

-0.496416 -0.272727 14.5529
-0.494949 -0.267754 14.5529

-0.494949 0.267754 14.5529
-0.496416 0.272727 14.5529

-0.496416 0.272727 14.5529
-0.498077 0.292929 14.5529

-0.498077 0.292929 14.5529
-0.495076 0.313131 14.5529

-0.495076 0.313131 14.5529
-0.494949 0.313478 14.5529

-0.474747 -0.353445 14.5529
-0.488277 -0.333333 14.5529

-0.494949 -0.313478 14.5529
-0.488277 -0.333333 14.5529

-0.494949 -0.267754 14.5529
-0.490773 -0.252525 14.5529

-0.490773 -0.252525 14.5529
-0.479599 -0.232323 14.5529

-0.479599 -0.232323 14.5529
-0.474747 -0.226111 14.5529

-0.474747 0.226111 14.5529
-0.479599 0.232323 14.5529

-0.479599 0.232323 14.5529
-0.490773 0.252525 14.5529

-0.494949 0.267754 14.5529
-0.490773 0.252525 14.5529

-0.494949 0.313478 14.5529
-0.488277 0.333333 14.5529

-0.488277 0.333333 14.5529
-0.474747 0.353445 14.5529

-0.454545 -0.37178 14.5529
-0.474676 -0.353535 14.5529

-0.474747 -0.353445 14.5529
-0.474676 -0.353535 14.5529

-0.474747 -0.226111 14.5529
-0.460355 -0.212121 14.5529

-0.460355 -0.212121 14.5529
-0.454545 -0.207301 14.5529

-0.454545 0.207301 14.5529
-0.460355 0.212121 14.5529

-0.474747 0.226111 14.5529
-0.460355 0.212121 14.5529

-0.474747 0.353445 14.5529
-0.474676 0.353535 14.5529

-0.474676 0.353535 14.5529
-0.454545 0.37178 14.5529

-0.434343 -0.382738 14.5529
-0.451026 -0.373737 14.5529

-0.454545 -0.37178 14.5529
-0.451026 -0.373737 14.5529

-0.454545 -0.207301 14.5529
-0.434343 -0.196352 14.5529

-0.454545 0.207301 14.5529
-0.434343 0.196352 14.5529

-0.454545 0.37178 14.5529
-0.451026 0.373737 14.5529

-0.451026 0.373737 14.5529
-0.434343 0.382738 14.5529

-0.434343 -0.382738 14.5529
-0.414141 -0.388077 14.5529

-0.434343 -0.196352 14.5529
-0.416751 -0.191919 14.5529

-0.416751 -0.191919 14.5529
-0.414141 -0.191126 14.5529

-0.414141 0.191126 14.5529
-0.416751 0.191919 14.5529

-0.434343 0.196352 14.5529
-0.416751 0.191919 14.5529

-0.434343 0.382738 14.5529
-0.414141 0.388077 14.5529

-0.414141 -0.388077 14.5529
-0.393939 -0.389062 14.5529

-0.414141 -0.191126 14.5529
-0.393939 -0.189707 14.5529

-0.414141 0.191126 14.5529
-0.393939 0.189707 14.5529

-0.414141 0.388077 14.5529
-0.393939 0.389062 14.5529

-0.393939 -0.389062 14.5529
-0.373737 -0.386038 14.5529

-0.373737 -0.19281 14.5529
-0.380326 -0.191919 14.5529

-0.393939 -0.189707 14.5529
-0.380326 -0.191919 14.5529

-0.393939 0.189707 14.5529
-0.380326 0.191919 14.5529

-0.380326 0.191919 14.5529
-0.373737 0.19281 14.5529

-0.393939 0.389062 14.5529
-0.373737 0.386038 14.5529

-0.373737 -0.386038 14.5529
-0.353535 -0.378145 14.5529

-0.373737 -0.19281 14.5529
-0.353535 -0.200002 14.5529

-0.373737 0.19281 14.5529
-0.353535 0.200002 14.5529

-0.373737 0.386038 14.5529
-0.353535 0.378145 14.5529

-0.353535 -0.378145 14.5529
-0.346273 -0.373737 14.5529

-0.346273 -0.373737 14.5529
-0.333333 -0.364497 14.5529

-0.333333 -0.214011 14.5529
-0.3357 -0.212121 14.5529

-0.353535 -0.200002 14.5529
-0.3357 -0.212121 14.5529

-0.353535 0.200002 14.5529
-0.3357 0.212121 14.5529

-0.3357 0.212121 14.5529
-0.333333 0.214011 14.5529

-0.333333 0.364497 14.5529
-0.346273 0.373737 14.5529

-0.353535 0.378145 14.5529
-0.346273 0.373737 14.5529

-0.333333 -0.364497 14.5529
-0.322105 -0.353535 14.5529

-0.322105 -0.353535 14.5529
-0.313131 -0.340196 14.5529

-0.313131 -0.238396 14.5529
-0.316641 -0.232323 14.5529

-0.333333 -0.214011 14.5529
-0.316641 -0.232323 14.5529

-0.333333 0.214011 14.5529
-0.316641 0.232323 14.5529

-0.316641 0.232323 14.5529
-0.313131 0.238396 14.5529

-0.313131 0.340196 14.5529
-0.322105 0.353535 14.5529

-0.333333 0.364497 14.5529
-0.322105 0.353535 14.5529

-0.313131 -0.340196 14.5529
-0.308688 -0.333333 14.5529

-0.308688 -0.333333 14.5529
-0.300943 -0.313131 14.5529

-0.300943 -0.313131 14.5529
-0.298212 -0.292929 14.5529

-0.298212 -0.292929 14.5529
-0.299541 -0.272727 14.5529

-0.299541 -0.272727 14.5529
-0.305346 -0.252525 14.5529

-0.313131 -0.238396 14.5529
-0.305346 -0.252525 14.5529

-0.313131 0.238396 14.5529
-0.305346 0.252525 14.5529

-0.305346 0.252525 14.5529
-0.299541 0.272727 14.5529

-0.299541 0.272727 14.5529
-0.298212 0.292929 14.5529

-0.298212 0.292929 14.5529
-0.300943 0.313131 14.5529

-0.300943 0.313131 14.5529
-0.308688 0.333333 14.5529

-0.313131 0.340196 14.5529
-0.308688 0.333333 14.5529

0.0707071 -0.524446 14.5529
0.0642922 -0.515152 14.5529

0.0642922 -0.515152 14.5529
0.0560082 -0.494949 14.5529

0.0560082 -0.494949 14.5529
0.0527261 -0.474747 14.5529

0.0527261 -0.474747 14.5529
0.0533043 -0.454545 14.5529

0.0533043 -0.454545 14.5529
0.0580175 -0.434343 14.5529

0.0580175 -0.434343 14.5529
0.0684253 -0.414141 14.5529

0.0684253 -0.414141 14.5529
0.0707071 -0.411011 14.5529

0.0707071 0.411011 14.5529
0.0684253 0.414141 14.5529

0.0684253 0.414141 14.5529
0.0580175 0.434343 14.5529

0.0580175 0.434343 14.5529
0.0533043 0.454545 14.5529

0.0533043 0.454545 14.5529
0.0527261 0.474747 14.5529

0.0527261 0.474747 14.5529
0.0560082 0.494949 14.5529

0.0560082 0.494949 14.5529
0.0642922 0.515152 14.5529

0.0642922 0.515152 14.5529
0.0707071 0.524446 14.5529

0.0909091 -0.546532 14.5529
0.0788274 -0.535354 14.5529

0.0707071 -0.524446 14.5529
0.0788274 -0.535354 14.5529

0.0707071 -0.411011 14.5529
0.0859037 -0.393939 14.5529

0.0859037 -0.393939 14.5529
0.0909091 -0.389559 14.5529

0.0909091 0.389559 14.5529
0.0859037 0.393939 14.5529

0.0707071 0.411011 14.5529
0.0859037 0.393939 14.5529

0.0707071 0.524446 14.5529
0.0788274 0.535354 14.5529

0.0788274 0.535354 14.5529
0.0909091 0.546532 14.5529

0.111111 -0.55904 14.5529
0.105014 -0.555556 14.5529

0.0909091 -0.546532 14.5529
0.105014 -0.555556 14.5529

0.0909091 -0.389559 14.5529
0.111111 -0.377289 14.5529

0.0909091 0.389559 14.5529
0.111111 0.377289 14.5529

0.0909091 0.546532 14.5529
0.105014 0.555556 14.5529

0.105014 0.555556 14.5529
0.111111 0.55904 14.5529

0.111111 -0.55904 14.5529
0.131313 -0.566209 14.5529

0.111111 -0.377289 14.5529
0.122442 -0.373737 14.5529

0.122442 -0.373737 14.5529
0.131313 -0.370652 14.5529

0.131313 0.370652 14.5529
0.122442 0.373737 14.5529

0.111111 0.377289 14.5529
0.122442 0.373737 14.5529

0.111111 0.55904 14.5529
0.131313 0.566209 14.5529

0.131313 -0.566209 14.5529
0.151515 -0.568546 14.5529

0.131313 -0.370652 14.5529
0.151515 -0.368187 14.5529

0.131313 0.370652 14.5529
0.151515 0.368187 14.5529

0.131313 0.566209 14.5529
0.151515 0.568546 14.5529

0.151515 -0.568546 14.5529
0.171717 -0.566682 14.5529

0.151515 -0.368187 14.5529
0.171717 -0.370272 14.5529

0.151515 0.368187 14.5529
0.171717 0.370272 14.5529

0.151515 0.568546 14.5529
0.171717 0.566682 14.5529

0.171717 -0.566682 14.5529
0.191919 -0.560052 14.5529

0.191919 -0.37666 14.5529
0.181975 -0.373737 14.5529

0.171717 -0.370272 14.5529
0.181975 -0.373737 14.5529

0.171717 0.370272 14.5529
0.181975 0.373737 14.5529

0.181975 0.373737 14.5529
0.191919 0.37666 14.5529

0.171717 0.566682 14.5529
0.191919 0.560052 14.5529

0.191919 -0.560052 14.5529
0.199868 -0.555556 14.5529

0.199868 -0.555556 14.5529
0.212121 -0.548063 14.5529

0.191919 -0.37666 14.5529
0.212121 -0.3885 14.5529

0.191919 0.37666 14.5529
0.212121 0.3885 14.5529

0.212121 0.548063 14.5529
0.199868 0.555556 14.5529

0.191919 0.560052 14.5529
0.199868 0.555556 14.5529

0.212121 -0.548063 14.5529
0.225858 -0.535354 14.5529

0.225858 -0.535354 14.5529
0.232323 -0.526836 14.5529

0.232323 -0.409529 14.5529
0.21824 -0.393939 14.5529

0.212121 -0.3885 14.5529
0.21824 -0.393939 14.5529

0.212121 0.3885 14.5529
0.21824 0.393939 14.5529

0.21824 0.393939 14.5529
0.232323 0.409529 14.5529

0.232323 0.526836 14.5529
0.225858 0.535354 14.5529

0.212121 0.548063 14.5529
0.225858 0.535354 14.5529

0.232323 -0.526836 14.5529
0.240259 -0.515152 14.5529

0.240259 -0.515152 14.5529
0.248198 -0.494949 14.5529

0.248198 -0.494949 14.5529
0.25127 -0.474747 14.5529

0.25127 -0.474747 14.5529
0.250587 -0.454545 14.5529

0.250587 -0.454545 14.5529
0.245862 -0.434343 14.5529

0.245862 -0.434343 14.5529
0.23562 -0.414141 14.5529

0.232323 -0.409529 14.5529
0.23562 -0.414141 14.5529

0.232323 0.409529 14.5529
0.23562 0.414141 14.5529

0.23562 0.414141 14.5529
0.245862 0.434343 14.5529

0.245862 0.434343 14.5529
0.250587 0.454545 14.5529

0.250587 0.454545 14.5529
0.25127 0.474747 14.5529

0.25127 0.474747 14.5529
0.248198 0.494949 14.5529

0.248198 0.494949 14.5529
0.240259 0.515152 14.5529

0.232323 0.526836 14.5529
0.240259 0.515152 14.5529

0.393939 -0.0128342 14.5529
0.393325 -0.010101 14.5529

0.393325 -0.010101 14.5529
0.393325 0.010101 14.5529

0.393325 0.010101 14.5529
0.393939 0.0128342 14.5529

0.414141 -0.0614439 14.5529
0.406062 -0.0505051 14.5529

0.406062 -0.0505051 14.5529
0.397191 -0.030303 14.5529

0.393939 -0.0128342 14.5529
0.397191 -0.030303 14.5529

0.393939 0.0128342 14.5529
0.397191 0.030303 14.5529

0.397191 0.030303 14.5529
0.406062 0.0505051 14.5529

0.406062 0.0505051 14.5529
0.414141 0.0614439 14.5529

0.434343 -0.0811523 14.5529
0.422065 -0.0707071 14.5529

0.414141 -0.0614439 14.5529
0.422065 -0.0707071 14.5529

0.414141 0.0614439 14.5529
0.422065 0.0707071 14.5529

0.422065 0.0707071 14.5529
0.434343 0.0811523 14.5529

0.454545 -0.0920306 14.5529
0.45232 -0.0909091 14.5529

0.434343 -0.0811523 14.5529
0.45232 -0.0909091 14.5529

0.434343 0.0811523 14.5529
0.45232 0.0909091 14.5529

0.45232 0.0909091 14.5529
0.454545 0.0920306 14.5529

0.454545 -0.0920306 14.5529
0.474747 -0.0983043 14.5529

0.454545 0.0920306 14.5529
0.474747 0.0983043 14.5529

0.474747 -0.0983043 14.5529
0.494949 -0.0998484 14.5529

0.474747 0.0983043 14.5529
0.494949 0.0998484 14.5529

0.494949 -0.0998484 14.5529
0.515152 -0.0970555 14.5529

0.494949 0.0998484 14.5529
0.515152 0.0970555 14.5529

0.515152 -0.0970555 14.5529
0.531258 -0.0909091 14.5529

0.531258 -0.0909091 14.5529
0.535354 -0.0895258 14.5529

0.535354 0.0895258 14.5529
0.531258 0.0909091 14.5529

0.515152 0.0970555 14.5529
0.531258 0.0909091 14.5529

0.535354 -0.0895258 14.5529
0.555556 -0.0768938 14.5529

0.535354 0.0895258 14.5529
0.555556 0.0768938 14.5529

0.555556 -0.0768938 14.5529
0.562185 -0.0707071 14.5529

0.562185 -0.0707071 14.5529
0.575758 -0.0541796 14.5529

0.575758 0.0541796 14.5529
0.562185 0.0707071 14.5529

0.555556 0.0768938 14.5529
0.562185 0.0707071 14.5529

0.575758 -0.0541796 14.5529
0.578283 -0.0505051 14.5529

0.578283 -0.0505051 14.5529
0.587853 -0.030303 14.5529

0.587853 -0.030303 14.5529
0.592006 -0.010101 14.5529

0.592006 -0.010101 14.5529
0.592006 0.010101 14.5529

0.592006 0.010101 14.5529
0.587853 0.030303 14.5529

0.587853 0.030303 14.5529
0.578283 0.0505051 14.5529

0.575758 0.0541796 14.5529
0.578283 0.0505051 14.5529


-0.454545 -0.333812 17.4618
-0.454952 -0.333333 17.4618

-0.454952 -0.333333 17.4618
-0.466255 -0.313131 17.4618

-0.466255 -0.313131 17.4618
-0.46959 -0.292929 17.4618

-0.46959 -0.292929 17.4618
-0.466744 -0.272727 17.4618

-0.466744 -0.272727 17.4618
-0.456281 -0.252525 17.4618

-0.456281 -0.252525 17.4618
-0.454545 -0.250358 17.4618

-0.454545 0.250358 17.4618
-0.456281 0.252525 17.4618

-0.456281 0.252525 17.4618
-0.466744 0.272727 17.4618

-0.466744 0.272727 17.4618
-0.46959 0.292929 17.4618

-0.46959 0.292929 17.4618
-0.466255 0.313131 17.4618

-0.466255 0.313131 17.4618
-0.454952 0.333333 17.4618

-0.454952 0.333333 17.4618
-0.454545 0.333812 17.4618

-0.454545 -0.333812 17.4618
-0.434343 -0.350996 17.4618

-0.454545 -0.250358 17.4618
-0.434343 -0.233138 17.4618

-0.454545 0.250358 17.4618
-0.434343 0.233138 17.4618

-0.454545 0.333812 17.4618
-0.434343 0.350996 17.4618

-0.414141 -0.358518 17.4618
-0.42746 -0.353535 17.4618

-0.434343 -0.350996 17.4618
-0.42746 -0.353535 17.4618

-0.434343 -0.233138 17.4618
-0.432184 -0.232323 17.4618

-0.432184 -0.232323 17.4618
-0.414141 -0.225292 17.4618

-0.414141 0.225292 17.4618
-0.432184 0.232323 17.4618

-0.434343 0.233138 17.4618
-0.432184 0.232323 17.4618

-0.434343 0.350996 17.4618
-0.42746 0.353535 17.4618

-0.42746 0.353535 17.4618
-0.414141 0.358518 17.4618

-0.414141 -0.358518 17.4618
-0.393939 -0.359179 17.4618

-0.414141 -0.225292 17.4618
-0.393939 -0.224592 17.4618

-0.414141 0.225292 17.4618
-0.393939 0.224592 17.4618

-0.414141 0.358518 17.4618
-0.393939 0.359179 17.4618

-0.393939 -0.359179 17.4618
-0.375575 -0.353535 17.4618

-0.375575 -0.353535 17.4618
-0.373737 -0.352972 17.4618

-0.393939 -0.224592 17.4618
-0.373737 -0.230826 17.4618

-0.393939 0.224592 17.4618
-0.373737 0.230826 17.4618

-0.373737 0.352972 17.4618
-0.375575 0.353535 17.4618

-0.393939 0.359179 17.4618
-0.375575 0.353535 17.4618

-0.373737 -0.352972 17.4618
-0.353535 -0.338534 17.4618

-0.353535 -0.245344 17.4618
-0.37127 -0.232323 17.4618

-0.373737 -0.230826 17.4618
-0.37127 -0.232323 17.4618

-0.373737 0.230826 17.4618
-0.37127 0.232323 17.4618

-0.37127 0.232323 17.4618
-0.353535 0.245344 17.4618

-0.373737 0.352972 17.4618
-0.353535 0.338534 17.4618

-0.353535 -0.338534 17.4618
-0.348702 -0.333333 17.4618

-0.348702 -0.333333 17.4618
-0.337668 -0.313131 17.4618

-0.337668 -0.313131 17.4618
-0.334523 -0.292929 17.4618

-0.334523 -0.292929 17.4618
-0.337127 -0.272727 17.4618

-0.337127 -0.272727 17.4618
-0.347232 -0.252525 17.4618

-0.353535 -0.245344 17.4618
-0.347232 -0.252525 17.4618

-0.353535 0.245344 17.4618
-0.347232 0.252525 17.4618

-0.347232 0.252525 17.4618
-0.337127 0.272727 17.4618

-0.337127 0.272727 17.4618
-0.334523 0.292929 17.4618

-0.334523 0.292929 17.4618
-0.337668 0.313131 17.4618

-0.337668 0.313131 17.4618
-0.348702 0.333333 17.4618

-0.353535 0.338534 17.4618
-0.348702 0.333333 17.4618

0.0909091 -0.496358 17.4618
0.0901602 -0.494949 17.4618

0.0901602 -0.494949 17.4618
0.0858497 -0.474747 17.4618

0.0858497 -0.474747 17.4618
0.0884837 -0.454545 17.4618

0.0884837 -0.454545 17.4618
0.0909091 -0.449084 17.4618

0.0909091 0.449084 17.4618
0.0884837 0.454545 17.4618

0.0884837 0.454545 17.4618
0.0858497 0.474747 17.4618

0.0858497 0.474747 17.4618
0.0901602 0.494949 17.4618

0.0901602 0.494949 17.4618
0.0909091 0.496358 17.4618

0.111111 -0.524588 17.4618
0.10148 -0.515152 17.4618

0.0909091 -0.496358 17.4618
0.10148 -0.515152 17.4618

0.0909091 -0.449084 17.4618
0.0979452 -0.434343 17.4618

0.0979452 -0.434343 17.4618
0.111111 -0.420187 17.4618

0.111111 0.420187 17.4618
0.0979452 0.434343 17.4618

0.0909091 0.449084 17.4618
0.0979452 0.434343 17.4618

0.0909091 0.496358 17.4618
0.10148 0.515152 17.4618

0.10148 0.515152 17.4618
0.111111 0.524588 17.4618

0.131313 -0.535931 17.4618
0.130157 -0.535354 17.4618

0.111111 -0.524588 17.4618
0.130157 -0.535354 17.4618

0.111111 -0.420187 17.4618
0.120972 -0.414141 17.4618

0.120972 -0.414141 17.4618
0.131313 -0.408531 17.4618

0.131313 0.408531 17.4618
0.120972 0.414141 17.4618

0.111111 0.420187 17.4618
0.120972 0.414141 17.4618

0.111111 0.524588 17.4618
0.130157 0.535354 17.4618

0.130157 0.535354 17.4618
0.131313 0.535931 17.4618

0.131313 -0.535931 17.4618
0.151515 -0.540117 17.4618

0.131313 -0.408531 17.4618
0.151515 -0.404538 17.4618

0.131313 0.408531 17.4618
0.151515 0.404538 17.4618

0.131313 0.535931 17.4618
0.151515 0.540117 17.4618

0.151515 -0.540117 17.4618
0.171717 -0.537398 17.4618

0.151515 -0.404538 17.4618
0.171717 -0.407148 17.4618

0.151515 0.404538 17.4618
0.171717 0.407148 17.4618

0.151515 0.540117 17.4618
0.171717 0.537398 17.4618

0.171717 -0.537398 17.4618
0.176243 -0.535354 17.4618

0.176243 -0.535354 17.4618
0.191919 -0.527796 17.4618

0.191919 -0.417175 17.4618
0.186049 -0.414141 17.4618

0.171717 -0.407148 17.4618
0.186049 -0.414141 17.4618

0.171717 0.407148 17.4618
0.186049 0.414141 17.4618

0.186049 0.414141 17.4618
0.191919 0.417175 17.4618

0.191919 0.527796 17.4618
0.176243 0.535354 17.4618

0.171717 0.537398 17.4618
0.176243 0.535354 17.4618

0.191919 -0.527796 17.4618
0.205487 -0.515152 17.4618

0.205487 -0.515152 17.4618
0.212121 -0.50431 17.4618

0.212121 -0.440415 17.4618
0.208878 -0.434343 17.4618

0.191919 -0.417175 17.4618
0.208878 -0.434343 17.4618

0.191919 0.417175 17.4618
0.208878 0.434343 17.4618

0.208878 0.434343 17.4618
0.212121 0.440415 17.4618

0.212121 0.50431 17.4618
0.205487 0.515152 17.4618

0.191919 0.527796 17.4618
0.205487 0.515152 17.4618

0.212121 -0.50431 17.4618
0.21723 -0.494949 17.4618

0.21723 -0.494949 17.4618
0.221287 -0.474747 17.4618

0.221287 -0.474747 17.4618
0.218735 -0.454545 17.4618

0.212121 -0.440415 17.4618
0.218735 -0.454545 17.4618

0.212121 0.440415 17.4618
0.218735 0.454545 17.4618

0.218735 0.454545 17.4618
0.221287 0.474747 17.4618

0.221287 0.474747 17.4618
0.21723 0.494949 17.4618

0.212121 0.50431 17.4618
0.21723 0.494949 17.4618

0.434343 -0.023287 17.4618
0.429846 -0.010101 17.4618

0.429846 -0.010101 17.4618
0.429846 0.010101 17.4618

0.429846 0.010101 17.4618
0.434343 0.023287 17.4618

0.454545 -0.0523562 17.4618
0.452412 -0.0505051 17.4618

0.452412 -0.0505051 17.4618
0.4366 -0.030303 17.4618

0.434343 -0.023287 17.4618
0.4366 -0.030303 17.4618

0.434343 0.023287 17.4618
0.4366 0.030303 17.4618

0.4366 0.030303 17.4618
0.452412 0.0505051 17.4618

0.452412 0.0505051 17.4618
0.454545 0.0523562 17.4618

0.454545 -0.0523562 17.4618
0.474747 -0.0639456 17.4618

0.454545 0.0523562 17.4618
0.474747 0.0639456 17.4618

0.474747 -0.0639456 17.4618
0.494949 -0.0675018 17.4618

0.474747 0.0639456 17.4618
0.494949 0.0675018 17.4618

0.494949 -0.0675018 17.4618
0.515152 -0.0650815 17.4618

0.494949 0.0675018 17.4618
0.515152 0.0650815 17.4618

0.515152 -0.0650815 17.4618
0.535354 -0.0552209 17.4618

0.515152 0.0650815 17.4618
0.535354 0.0552209 17.4618

0.535354 -0.0552209 17.4618
0.540887 -0.0505051 17.4618

0.540887 -0.0505051 17.4618
0.555556 -0.0323635 17.4618

0.555556 0.0323635 17.4618
0.540887 0.0505051 17.4618

0.535354 0.0552209 17.4618
0.540887 0.0505051 17.4618

0.555556 -0.0323635 17.4618
0.55687 -0.030303 17.4618

0.55687 -0.030303 17.4618
0.563855 -0.010101 17.4618

0.563855 -0.010101 17.4618
0.563855 0.010101 17.4618

0.563855 0.010101 17.4618
0.55687 0.030303 17.4618

0.555556 0.0323635 17.4618
0.55687 0.030303 17.4618


-0.434343 -0.324751 20.3707
-0.443422 -0.313131 20.3707

-0.443422 -0.313131 20.3707
-0.448356 -0.292929 20.3707

-0.448356 -0.292929 20.3707
-0.443391 -0.272727 20.3707

-0.443391 -0.272727 20.3707
-0.434343 -0.261001 20.3707

-0.434343 0.261001 20.3707
-0.443391 0.272727 20.3707

-0.443391 0.272727 20.3707
-0.448356 0.292929 20.3707

-0.448356 0.292929 20.3707
-0.443422 0.313131 20.3707

-0.443422 0.313131 20.3707
-0.434343 0.324751 20.3707

-0.414141 -0.33676 20.3707
-0.421107 -0.333333 20.3707

-0.434343 -0.324751 20.3707
-0.421107 -0.333333 20.3707

-0.434343 -0.261001 20.3707
-0.421133 -0.252525 20.3707

-0.421133 -0.252525 20.3707
-0.414141 -0.249024 20.3707

-0.414141 0.249024 20.3707
-0.421133 0.252525 20.3707

-0.434343 0.261001 20.3707
-0.421133 0.252525 20.3707

-0.434343 0.324751 20.3707
-0.421107 0.333333 20.3707

-0.421107 0.333333 20.3707
-0.414141 0.33676 20.3707

-0.414141 -0.33676 20.3707
-0.393939 -0.337174 20.3707

-0.414141 -0.249024 20.3707
-0.393939 -0.248589 20.3707

-0.414141 0.249024 20.3707
-0.393939 0.248589 20.3707

-0.414141 0.33676 20.3707
-0.393939 0.337174 20.3707

-0.393939 -0.337174 20.3707
-0.385338 -0.333333 20.3707

-0.385338 -0.333333 20.3707
-0.373737 -0.326406 20.3707

-0.373737 -0.259308 20.3707
-0.385257 -0.252525 20.3707

-0.393939 -0.248589 20.3707
-0.385257 -0.252525 20.3707

-0.393939 0.248589 20.3707
-0.385257 0.252525 20.3707

-0.385257 0.252525 20.3707
-0.373737 0.259308 20.3707

-0.373737 0.326406 20.3707
-0.385338 0.333333 20.3707

-0.393939 0.337174 20.3707
-0.385338 0.333333 20.3707

-0.373737 -0.326406 20.3707
-0.362839 -0.313131 20.3707

-0.362839 -0.313131 20.3707
-0.357947 -0.292929 20.3707

-0.357947 -0.292929 20.3707
-0.362844 -0.272727 20.3707

-0.373737 -0.259308 20.3707
-0.362844 -0.272727 20.3707

-0.373737 0.259308 20.3707
-0.362844 0.272727 20.3707

-0.362844 0.272727 20.3707
-0.357947 0.292929 20.3707

-0.357947 0.292929 20.3707
-0.362839 0.313131 20.3707

-0.373737 0.326406 20.3707
-0.362839 0.313131 20.3707

0.111111 -0.483452 20.3707
0.108809 -0.474747 20.3707

0.108809 -0.474747 20.3707
0.111111 -0.464377 20.3707

0.111111 0.464377 20.3707
0.108809 0.474747 20.3707

0.108809 0.474747 20.3707
0.111111 0.483452 20.3707

0.131313 -0.512628 20.3707
0.114294 -0.494949 20.3707

0.111111 -0.483452 20.3707
0.114294 -0.494949 20.3707

0.111111 -0.464377 20.3707
0.113451 -0.454545 20.3707

0.113451 -0.454545 20.3707
0.131313 -0.435121 20.3707

0.131313 0.435121 20.3707
0.113451 0.454545 20.3707

0.111111 0.464377 20.3707
0.113451 0.454545 20.3707

0.111111 0.483452 20.3707
0.114294 0.494949 20.3707

0.114294 0.494949 20.3707
0.131313 0.512628 20.3707

0.151515 -0.519136 20.3707
0.138349 -0.515152 20.3707

0.131313 -0.512628 20.3707
0.138349 -0.515152 20.3707

0.131313 -0.435121 20.3707
0.133426 -0.434343 20.3707

0.133426 -0.434343 20.3707
0.151515 -0.428613 20.3707

0.151515 0.428613 20.3707
0.133426 0.434343 20.3707

0.131313 0.435121 20.3707
0.133426 0.434343 20.3707

0.131313 0.512628 20.3707
0.138349 0.515152 20.3707

0.138349 0.515152 20.3707
0.151515 0.519136 20.3707

0.151515 -0.519136 20.3707
0.171717 -0.515323 20.3707

0.151515 -0.428613 20.3707
0.171717 -0.432454 20.3707

0.151515 0.428613 20.3707
0.171717 0.432454 20.3707

0.151515 0.519136 20.3707
0.171717 0.515323 20.3707

0.171717 -0.515323 20.3707
0.172 -0.515152 20.3707

0.172 -0.515152 20.3707
0.191919 -0.497663 20.3707

0.191919 -0.45036 20.3707
0.174668 -0.434343 20.3707

0.171717 -0.432454 20.3707
0.174668 -0.434343 20.3707

0.171717 0.432454 20.3707
0.174668 0.434343 20.3707

0.174668 0.434343 20.3707
0.191919 0.45036 20.3707

0.191919 0.497663 20.3707
0.172 0.515152 20.3707

0.171717 0.515323 20.3707
0.172 0.515152 20.3707

0.191919 -0.497663 20.3707
0.193861 -0.494949 20.3707

0.193861 -0.494949 20.3707
0.199344 -0.474747 20.3707

0.199344 -0.474747 20.3707
0.194693 -0.454545 20.3707

0.191919 -0.45036 20.3707
0.194693 -0.454545 20.3707

0.191919 0.45036 20.3707
0.194693 0.454545 20.3707

0.194693 0.454545 20.3707
0.199344 0.474747 20.3707

0.199344 0.474747 20.3707
0.193861 0.494949 20.3707

0.191919 0.497663 20.3707
0.193861 0.494949 20.3707

0.454545 -0.0102529 20.3707
0.454477 -0.010101 20.3707

0.454477 -0.010101 20.3707
0.454477 0.010101 20.3707

0.454477 0.010101 20.3707
0.454545 0.0102529 20.3707

0.474747 -0.038307 20.3707
0.465398 -0.030303 20.3707

0.454545 -0.0102529 20.3707
0.465398 -0.030303 20.3707

0.454545 0.0102529 20.3707
0.465398 0.030303 20.3707

0.465398 0.030303 20.3707
0.474747 0.038307 20.3707

0.474747 -0.038307 20.3707
0.494949 -0.045067 20.3707

0.474747 0.038307 20.3707
0.494949 0.045067 20.3707

0.494949 -0.045067 20.3707
0.515152 -0.0418705 20.3707

0.494949 0.045067 20.3707
0.515152 0.0418705 20.3707

0.515152 -0.0418705 20.3707
0.531055 -0.030303 20.3707

0.531055 -0.030303 20.3707
0.535354 -0.024385 20.3707

0.535354 0.024385 20.3707
0.531055 0.030303 20.3707

0.515152 0.0418705 20.3707
0.531055 0.030303 20.3707

0.535354 -0.024385 20.3707
0.542467 -0.010101 20.3707

0.542467 -0.010101 20.3707
0.542467 0.010101 20.3707

0.535354 0.024385 20.3707
0.542467 0.010101 20.3707


-0.414141 -0.316459 23.2797
-0.418638 -0.313131 23.2797

-0.418638 -0.313131 23.2797
-0.428456 -0.292929 23.2797

-0.428456 -0.292929 23.2797
-0.417762 -0.272727 23.2797

-0.417762 -0.272727 23.2797
-0.414141 -0.270058 23.2797

-0.414141 0.270058 23.2797
-0.417762 0.272727 23.2797

-0.417762 0.272727 23.2797
-0.428456 0.292929 23.2797

-0.428456 0.292929 23.2797
-0.418638 0.313131 23.2797

-0.418638 0.313131 23.2797
-0.414141 0.316459 23.2797

-0.414141 -0.316459 23.2797
-0.393939 -0.316707 23.2797

-0.414141 -0.270058 23.2797
-0.393939 -0.269803 23.2797

-0.414141 0.270058 23.2797
-0.393939 0.269803 23.2797

-0.414141 0.316459 23.2797
-0.393939 0.316707 23.2797

-0.393939 -0.316707 23.2797
-0.388871 -0.313131 23.2797

-0.388871 -0.313131 23.2797
-0.378842 -0.292929 23.2797

-0.378842 -0.292929 23.2797
-0.389772 -0.272727 23.2797

-0.393939 -0.269803 23.2797
-0.389772 -0.272727 23.2797

-0.393939 0.269803 23.2797
-0.389772 0.272727 23.2797

-0.389772 0.272727 23.2797
-0.378842 0.292929 23.2797

-0.378842 0.292929 23.2797
-0.388871 0.313131 23.2797

-0.393939 0.316707 23.2797
-0.388871 0.313131 23.2797

0.131313 -0.481823 23.2797
0.128638 -0.474747 23.2797

0.128638 -0.474747 23.2797
0.131313 -0.467321 23.2797

0.131313 0.467321 23.2797
0.128638 0.474747 23.2797

0.128638 0.474747 23.2797
0.131313 0.481823 23.2797

0.151515 -0.499771 23.2797
0.141459 -0.494949 23.2797

0.131313 -0.481823 23.2797
0.141459 -0.494949 23.2797

0.131313 -0.467321 23.2797
0.141011 -0.454545 23.2797

0.141011 -0.454545 23.2797
0.151515 -0.449368 23.2797

0.151515 0.449368 23.2797
0.141011 0.454545 23.2797

0.131313 0.467321 23.2797
0.141011 0.454545 23.2797

0.131313 0.481823 23.2797
0.141459 0.494949 23.2797

0.141459 0.494949 23.2797
0.151515 0.499771 23.2797

0.151515 -0.499771 23.2797
0.167979 -0.494949 23.2797

0.167979 -0.494949 23.2797
0.171717 -0.492296 23.2797

0.171717 -0.456669 23.2797
0.168722 -0.454545 23.2797

0.151515 -0.449368 23.2797
0.168722 -0.454545 23.2797

0.151515 0.449368 23.2797
0.168722 0.454545 23.2797

0.168722 0.454545 23.2797
0.171717 0.456669 23.2797

0.171717 0.492296 23.2797
0.167979 0.494949 23.2797

0.151515 0.499771 23.2797
0.167979 0.494949 23.2797

0.171717 -0.492296 23.2797
0.179281 -0.474747 23.2797

0.171717 -0.456669 23.2797
0.179281 -0.474747 23.2797

0.171717 0.456669 23.2797
0.179281 0.474747 23.2797

0.171717 0.492296 23.2797
0.179281 0.474747 23.2797

0.494949 -0.0244222 23.2797
0.475639 -0.010101 23.2797

0.475639 -0.010101 23.2797
0.475639 0.010101 23.2797

0.475639 0.010101 23.2797
0.494949 0.0244222 23.2797

0.494949 -0.0244222 23.2797
0.515152 -0.0184372 23.2797

0.494949 0.0244222 23.2797
0.515152 0.0184372 23.2797

0.515152 -0.0184372 23.2797
0.521827 -0.010101 23.2797

0.521827 -0.010101 23.2797
0.521827 0.010101 23.2797

0.515152 0.0184372 23.2797
0.521827 0.010101 23.2797

